Wavelength(nm)	PFD(umol m-2 s-1)
380	0.003165
381	0.003228
382	0.003292
383	0.003357
384	0.003356
385	0.003327
386	0.003102
387	0.002964
388	0.003092
389	0.003151
390	0.003090
391	0.003069
392	0.003092
393	0.003265
394	0.003539
395	0.003677
396	0.003763
397	0.003981
398	0.004225
399	0.004868
400	0.005529
401	0.006186
402	0.006927
403	0.007991
404	0.009231
405	0.010833
406	0.012672
407	0.014804
408	0.017395
409	0.020337
410	0.023795
411	0.027490
412	0.032286
413	0.037342
414	0.043944
415	0.050782
416	0.059162
417	0.067957
418	0.078310
419	0.089245
420	0.101334
421	0.114525
422	0.129034
423	0.144622
424	0.161007
425	0.178787
426	0.197180
427	0.216821
428	0.236768
429	0.258876
430	0.281307
431	0.305257
432	0.329706
433	0.355489
434	0.381635
435	0.408307
436	0.434474
437	0.460160
438	0.483924
439	0.506670
440	0.524471
441	0.540914
442	0.549364
443	0.556561
444	0.553766
445	0.548940
446	0.535310
447	0.518731
448	0.496068
449	0.470442
450	0.441385
451	0.410899
452	0.379420
453	0.348645
454	0.318022
455	0.290556
456	0.263533
457	0.241113
458	0.219365
459	0.201179
460	0.184090
461	0.169435
462	0.155815
463	0.143399
464	0.132023
465	0.121287
466	0.111723
467	0.102496
468	0.094501
469	0.086687
470	0.080225
471	0.074046
472	0.068968
473	0.064407
474	0.060748
475	0.057479
476	0.054564
477	0.052272
478	0.050269
479	0.048892
480	0.047633
481	0.047268
482	0.046972
483	0.047034
484	0.047326
485	0.048113
486	0.049299
487	0.050921
488	0.052978
489	0.055281
490	0.058342
491	0.061595
492	0.065846
493	0.070225
494	0.075130
495	0.080325
496	0.086141
497	0.092313
498	0.098869
499	0.105577
500	0.112379
501	0.120054
502	0.127937
503	0.136223
504	0.144585
505	0.153189
506	0.161894
507	0.170758
508	0.179624
509	0.188498
510	0.197151
511	0.205733
512	0.214300
513	0.222858
514	0.231052
515	0.239104
516	0.246705
517	0.254126
518	0.261321
519	0.268294
520	0.275153
521	0.281315
522	0.287340
523	0.292989
524	0.298526
525	0.303590
526	0.308511
527	0.313212
528	0.317387
529	0.321216
530	0.324845
531	0.328431
532	0.331469
533	0.334532
534	0.337682
535	0.340459
536	0.342669
537	0.344910
538	0.347173
539	0.349117
540	0.350981
541	0.352341
542	0.353619
543	0.354607
544	0.355563
545	0.356474
546	0.357349
547	0.358203
548	0.358541
549	0.358799
550	0.359124
551	0.359375
552	0.359453
553	0.359442
554	0.359347
555	0.359223
556	0.359088
557	0.358889
558	0.358687
559	0.358493
560	0.358176
561	0.357680
562	0.357224
563	0.356791
564	0.356320
565	0.355817
566	0.355105
567	0.354347
568	0.353503
569	0.352605
570	0.351666
571	0.350601
572	0.349492
573	0.348192
574	0.346832
575	0.345332
576	0.344073
577	0.343030
578	0.341302
579	0.339366
580	0.337595
581	0.335756
582	0.333744
583	0.331978
584	0.330442
585	0.328412
586	0.326228
587	0.324117
588	0.321979
589	0.319788
590	0.317395
591	0.314826
592	0.312110
593	0.309358
594	0.306730
595	0.304015
596	0.301126
597	0.298264
598	0.295416
599	0.292488
600	0.289514
601	0.286378
602	0.283242
603	0.280114
604	0.276836
605	0.273478
606	0.270295
607	0.267109
608	0.263908
609	0.260501
610	0.256888
611	0.253321
612	0.249795
613	0.246773
614	0.243534
615	0.239906
616	0.236423
617	0.233018
618	0.229458
619	0.225925
620	0.222552
621	0.219252
622	0.216021
623	0.212538
624	0.209025
625	0.205787
626	0.202411
627	0.198843
628	0.195558
629	0.192372
630	0.188816
631	0.185399
632	0.182282
633	0.179109
634	0.175900
635	0.172667
636	0.169408
637	0.166099
638	0.162932
639	0.159865
640	0.156628
641	0.153393
642	0.150244
643	0.147446
644	0.144935
645	0.142188
646	0.139473
647	0.137038
648	0.134275
649	0.131226
650	0.128432
651	0.125781
652	0.123559
653	0.121062
654	0.118331
655	0.115988
656	0.113702
657	0.111451
658	0.109144
659	0.106791
660	0.104799
661	0.102755
662	0.100482
663	0.098349
664	0.096302
665	0.094061
666	0.091858
667	0.089754
668	0.087938
669	0.086220
670	0.083793
671	0.081827
672	0.080542
673	0.078689
674	0.076729
675	0.075174
676	0.073544
677	0.071841
678	0.070324
679	0.068829
680	0.067334
681	0.065808
682	0.064263
683	0.062646
684	0.061162
685	0.059887
686	0.058511
687	0.057113
688	0.055768
689	0.054612
690	0.053608
691	0.052476
692	0.051255
693	0.049877
694	0.048898
695	0.048017
696	0.046839
697	0.045718
698	0.044646
699	0.043513
700	0.042455
701	0.041556
702	0.040888
703	0.040148
704	0.038645
705	0.037727
706	0.037242
707	0.036621
708	0.035915
709	0.035088
710	0.034263
711	0.033467
712	0.032754
713	0.031921
714	0.031034
715	0.030186
716	0.029527
717	0.029028
718	0.028393
719	0.027768
720	0.027166
721	0.026587
722	0.025947
723	0.025147
724	0.024723
725	0.024382
726	0.023790
727	0.023450
728	0.023238
729	0.022779
730	0.022080
731	0.021171
732	0.020866
733	0.020657
734	0.020560
735	0.019833
736	0.019283
737	0.019130
738	0.018214
739	0.017481
740	0.017457
741	0.017331
742	0.017267
743	0.017457
744	0.017050
745	0.016517
746	0.016282
747	0.016215
748	0.016085
749	0.015387
750	0.015263
751	0.015373
752	0.015305
753	0.015019
754	0.014702
755	0.014793
756	0.014410
757	0.013859
758	0.013690
759	0.013515
760	0.013325
761	0.013076
762	0.012728
763	0.012490
764	0.012861
765	0.012817
766	0.012508
767	0.011869
768	0.012205
769	0.012393
770	0.011437
771	0.011104
772	0.010985
773	0.011001
774	0.011167
775	0.011104
776	0.010683
777	0.010189
778	0.009890
779	0.009814
780	0.010168
