Wavelength(nm)	PFD(umol m-2 s-1)
380	0.002838
381	0.002754
382	0.002796
383	0.002853
384	0.002853
385	0.002848
386	0.002808
387	0.002798
388	0.002883
389	0.002920
390	0.002873
391	0.002854
392	0.002864
393	0.002938
394	0.003056
395	0.003143
396	0.003218
397	0.003510
398	0.003844
399	0.004283
400	0.004740
401	0.005323
402	0.006031
403	0.007221
404	0.008524
405	0.010058
406	0.011916
407	0.014171
408	0.016973
409	0.020190
410	0.024191
411	0.028548
412	0.034224
413	0.040212
414	0.047912
415	0.055891
416	0.065777
417	0.076123
418	0.088188
419	0.100978
420	0.115210
421	0.130577
422	0.147300
423	0.165160
424	0.183860
425	0.204272
426	0.225432
427	0.248076
428	0.271080
429	0.296628
430	0.322439
431	0.349077
432	0.375643
433	0.401723
434	0.426633
435	0.449517
436	0.468409
437	0.483461
438	0.492498
439	0.498216
440	0.494762
441	0.488672
442	0.473079
443	0.456158
444	0.432299
445	0.407561
446	0.379357
447	0.350870
448	0.321933
449	0.293945
450	0.267083
451	0.242420
452	0.219171
453	0.198894
454	0.179582
455	0.163414
456	0.147681
457	0.134908
458	0.122461
459	0.111775
460	0.101603
461	0.092582
462	0.084195
463	0.076546
464	0.069791
465	0.063592
466	0.058404
467	0.053517
468	0.049485
469	0.045576
470	0.042487
471	0.039538
472	0.037138
473	0.034996
474	0.033305
475	0.031862
476	0.030644
477	0.029649
478	0.028757
479	0.028444
480	0.028244
481	0.028583
482	0.028996
483	0.029796
484	0.030732
485	0.031958
486	0.033500
487	0.035387
488	0.037734
489	0.040342
490	0.043320
491	0.046395
492	0.050164
493	0.054069
494	0.058606
495	0.063325
496	0.068427
497	0.073942
498	0.079905
499	0.085928
500	0.091995
501	0.098908
502	0.106021
503	0.113173
504	0.120412
505	0.127956
506	0.135614
507	0.143458
508	0.151261
509	0.159032
510	0.166609
511	0.174125
512	0.181526
513	0.188908
514	0.195968
515	0.202901
516	0.209432
517	0.215875
518	0.222204
519	0.228240
520	0.234117
521	0.239407
522	0.244585
523	0.249536
524	0.254324
525	0.258453
526	0.262506
527	0.266439
528	0.270013
529	0.273351
530	0.276178
531	0.278882
532	0.281648
533	0.284348
534	0.286751
535	0.288874
536	0.290571
537	0.292283
538	0.294006
539	0.295355
540	0.296616
541	0.297774
542	0.298831
543	0.299533
544	0.300246
545	0.300973
546	0.301391
547	0.301639
548	0.301810
549	0.301963
550	0.302057
551	0.302091
552	0.301984
553	0.301803
554	0.301550
555	0.301211
556	0.300840
557	0.300487
558	0.300139
559	0.299823
560	0.299449
561	0.298993
562	0.298403
563	0.297734
564	0.297103
565	0.296466
566	0.295736
567	0.294921
568	0.293939
569	0.292979
570	0.292035
571	0.291209
572	0.290389
573	0.289141
574	0.287848
575	0.286452
576	0.285127
577	0.283864
578	0.282427
579	0.280932
580	0.279447
581	0.277940
582	0.276387
583	0.274672
584	0.272801
585	0.271036
586	0.269295
587	0.267482
588	0.265644
589	0.263753
590	0.261697
591	0.259496
592	0.257308
593	0.255100
594	0.252614
595	0.250163
596	0.247798
597	0.245346
598	0.242828
599	0.240327
600	0.237827
601	0.235346
602	0.232741
603	0.229950
604	0.227326
605	0.224779
606	0.222095
607	0.219357
608	0.216482
609	0.213594
610	0.210693
611	0.207961
612	0.205246
613	0.202225
614	0.199304
615	0.196576
616	0.193669
617	0.190655
618	0.187660
619	0.184737
620	0.182085
621	0.179411
622	0.176717
623	0.173785
624	0.170824
625	0.168113
626	0.165417
627	0.162744
628	0.160054
629	0.157344
630	0.154337
631	0.151453
632	0.148834
633	0.146164
634	0.143460
635	0.140724
636	0.138076
637	0.135695
638	0.133122
639	0.130407
640	0.128033
641	0.125625
642	0.122992
643	0.120490
644	0.118093
645	0.115934
646	0.113760
647	0.111409
648	0.109275
649	0.107327
650	0.105098
651	0.102843
652	0.100670
653	0.098669
654	0.096811
655	0.094784
656	0.092784
657	0.090971
658	0.089109
659	0.087209
660	0.085434
661	0.083654
662	0.081840
663	0.080005
664	0.078154
665	0.076342
666	0.074651
667	0.073214
668	0.071719
669	0.070186
670	0.068453
671	0.066877
672	0.065533
673	0.064163
674	0.062755
675	0.061174
676	0.059742
677	0.058454
678	0.057127
679	0.055849
680	0.054731
681	0.053451
682	0.052079
683	0.051108
684	0.050083
685	0.048976
686	0.047929
687	0.046906
688	0.045920
689	0.044857
690	0.043729
691	0.042765
692	0.041786
693	0.040764
694	0.039943
695	0.039190
696	0.038398
697	0.037512
698	0.036543
699	0.035795
700	0.035033
701	0.034218
702	0.033421
703	0.032627
704	0.031828
705	0.031094
706	0.030408
707	0.029851
708	0.029220
709	0.028484
710	0.027963
711	0.027381
712	0.026487
713	0.025853
714	0.025343
715	0.024837
716	0.024386
717	0.023979
718	0.023418
719	0.022757
720	0.021958
721	0.021636
722	0.021332
723	0.020863
724	0.020368
725	0.019915
726	0.019701
727	0.019345
728	0.018878
729	0.018124
730	0.017668
731	0.017472
732	0.017223
733	0.017046
734	0.016957
735	0.016314
736	0.015812
737	0.015635
738	0.015337
739	0.015025
740	0.014733
741	0.014316
742	0.014025
743	0.014186
744	0.014057
745	0.013747
746	0.013153
747	0.013016
748	0.012994
749	0.012641
750	0.012639
751	0.012707
752	0.012300
753	0.012185
754	0.012212
755	0.012221
756	0.011886
757	0.011497
758	0.011725
759	0.011680
760	0.011493
761	0.011274
762	0.011206
763	0.011140
764	0.010817
765	0.010543
766	0.010389
767	0.010557
768	0.010466
769	0.010191
770	0.009660
771	0.009483
772	0.009425
773	0.009438
774	0.009226
775	0.009066
776	0.009024
777	0.009099
778	0.009089
779	0.008984
780	0.008867
