Wavelength(nm)	PFD(umol m-2 s-1)
380	0.000665
381	0.000665
382	0.000680
383	0.000697
384	0.000677
385	0.000660
386	0.000663
387	0.000658
388	0.000631
389	0.000615
390	0.000621
391	0.000620
392	0.000612
393	0.000604
394	0.000596
395	0.000613
396	0.000640
397	0.000663
398	0.000687
399	0.000694
400	0.000706
401	0.000780
402	0.000859
403	0.000950
404	0.001057
405	0.001196
406	0.001364
407	0.001567
408	0.001836
409	0.002156
410	0.002547
411	0.002970
412	0.003528
413	0.004118
414	0.004888
415	0.005690
416	0.006720
417	0.007803
418	0.009082
419	0.010440
420	0.011953
421	0.013605
422	0.015421
423	0.017373
424	0.019424
425	0.021689
426	0.024046
427	0.026587
428	0.029172
429	0.032063
430	0.035000
431	0.038153
432	0.041351
433	0.044655
434	0.047991
435	0.051370
436	0.054558
437	0.057563
438	0.060159
439	0.062533
440	0.063993
441	0.065197
442	0.065188
443	0.065000
444	0.063588
445	0.061947
446	0.059328
447	0.056454
448	0.053061
449	0.049497
450	0.045738
451	0.042028
452	0.038345
453	0.034973
454	0.031698
455	0.028892
456	0.026152
457	0.023963
458	0.021839
459	0.020061
460	0.018374
461	0.016893
462	0.015510
463	0.014243
464	0.013089
465	0.012004
466	0.011028
467	0.010083
468	0.009350
469	0.008642
470	0.008050
471	0.007482
472	0.007010
473	0.006593
474	0.006271
475	0.005974
476	0.005698
477	0.005492
478	0.005318
479	0.005212
480	0.005118
481	0.005099
482	0.005092
483	0.005151
484	0.005236
485	0.005374
486	0.005556
487	0.005785
488	0.006058
489	0.006355
490	0.006755
491	0.007181
492	0.007711
493	0.008257
494	0.008878
495	0.009531
496	0.010251
497	0.011019
498	0.011837
499	0.012674
500	0.013522
501	0.014469
502	0.015440
503	0.016459
504	0.017489
505	0.018549
506	0.019624
507	0.020723
508	0.021813
509	0.022895
510	0.023964
511	0.025032
512	0.026073
513	0.027111
514	0.028110
515	0.029094
516	0.030033
517	0.030936
518	0.031797
519	0.032636
520	0.033464
521	0.034203
522	0.034925
523	0.035593
524	0.036248
525	0.036850
526	0.037424
527	0.037957
528	0.038442
529	0.038895
530	0.039303
531	0.039700
532	0.040052
533	0.040398
534	0.040711
535	0.040996
536	0.041235
537	0.041474
538	0.041713
539	0.041901
540	0.042077
541	0.042227
542	0.042366
543	0.042462
544	0.042552
545	0.042634
546	0.042695
547	0.042744
548	0.042774
549	0.042799
550	0.042816
551	0.042817
552	0.042780
553	0.042744
554	0.042709
555	0.042683
556	0.042661
557	0.042639
558	0.042610
559	0.042552
560	0.042493
561	0.042434
562	0.042355
563	0.042264
564	0.042201
565	0.042137
566	0.042022
567	0.041912
568	0.041814
569	0.041709
570	0.041597
571	0.041450
572	0.041295
573	0.041156
574	0.041009
575	0.040843
576	0.040664
577	0.040473
578	0.040281
579	0.040089
580	0.039871
581	0.039660
582	0.039470
583	0.039254
584	0.039012
585	0.038770
586	0.038528
587	0.038299
588	0.038046
589	0.037734
590	0.037451
591	0.037193
592	0.036881
593	0.036553
594	0.036225
595	0.035905
596	0.035602
597	0.035267
598	0.034909
599	0.034561
600	0.034210
601	0.033835
602	0.033471
603	0.033123
604	0.032747
605	0.032357
606	0.031958
607	0.031565
608	0.031196
609	0.030812
610	0.030412
611	0.030011
612	0.029610
613	0.029231
614	0.028836
615	0.028411
616	0.027985
617	0.027557
618	0.027199
619	0.026823
620	0.026368
621	0.025956
622	0.025584
623	0.025211
624	0.024835
625	0.024453
626	0.024056
627	0.023639
628	0.023251
629	0.022874
630	0.022468
631	0.022069
632	0.021688
633	0.021309
634	0.020932
635	0.020559
636	0.020188
637	0.019823
638	0.019447
639	0.019063
640	0.018676
641	0.018303
642	0.017986
643	0.017656
644	0.017315
645	0.017006
646	0.016697
647	0.016374
648	0.016050
649	0.015725
650	0.015424
651	0.015125
652	0.014824
653	0.014520
654	0.014214
655	0.013954
656	0.013696
657	0.013424
658	0.013175
659	0.012944
660	0.012675
661	0.012402
662	0.012123
663	0.011882
664	0.011663
665	0.011394
666	0.011138
667	0.010912
668	0.010682
669	0.010452
670	0.010252
671	0.010046
672	0.009831
673	0.009605
674	0.009384
675	0.009221
676	0.009051
677	0.008875
678	0.008665
679	0.008459
680	0.008279
681	0.008078
682	0.007868
683	0.007740
684	0.007593
685	0.007417
686	0.007277
687	0.007147
688	0.007015
689	0.006865
690	0.006699
691	0.006567
692	0.006417
693	0.006232
694	0.006150
695	0.006091
696	0.005928
697	0.005793
698	0.005681
699	0.005613
700	0.005515
701	0.005354
702	0.005255
703	0.005166
704	0.005026
705	0.004930
706	0.004866
707	0.004774
708	0.004666
709	0.004534
710	0.004461
711	0.004392
712	0.004298
713	0.004238
714	0.004183
715	0.004040
716	0.003943
717	0.003885
718	0.003842
719	0.003779
720	0.003687
721	0.003622
722	0.003562
723	0.003504
724	0.003443
725	0.003377
726	0.003296
727	0.003236
728	0.003191
729	0.003147
730	0.003106
731	0.003067
732	0.003012
733	0.002941
734	0.002851
735	0.002806
736	0.002786
737	0.002798
738	0.002722
739	0.002648
740	0.002612
741	0.002605
742	0.002598
743	0.002571
744	0.002538
745	0.002495
746	0.002425
747	0.002448
748	0.002490
749	0.002452
750	0.002391
751	0.002331
752	0.002319
753	0.002311
754	0.002313
755	0.002349
756	0.002325
757	0.002279
758	0.002275
759	0.002272
760	0.002257
761	0.002179
762	0.002171
763	0.002184
764	0.002153
765	0.002133
766	0.002126
767	0.002143
768	0.002132
769	0.002098
770	0.002026
771	0.002004
772	0.002007
773	0.002035
774	0.002061
775	0.002070
776	0.002055
777	0.002025
778	0.002001
779	0.001984
780	0.001971
