Wavelength(nm)	PFD(umol m-2 s-1)
380	0.000977
381	0.000956
382	0.000888
383	0.000817
384	0.000900
385	0.000974
386	0.000983
387	0.000970
388	0.000891
389	0.000825
390	0.000781
391	0.000802
392	0.000894
393	0.000879
394	0.000793
395	0.000779
396	0.000794
397	0.000810
398	0.000827
399	0.000846
400	0.000863
401	0.000848
402	0.000833
403	0.000822
404	0.000830
405	0.000878
406	0.000864
407	0.000773
408	0.000767
409	0.000824
410	0.000901
411	0.000986
412	0.000993
413	0.000982
414	0.000944
415	0.000903
416	0.000851
417	0.000810
418	0.000812
419	0.000827
420	0.000872
421	0.000842
422	0.000722
423	0.000680
424	0.000692
425	0.000741
426	0.000806
427	0.000816
428	0.000816
429	0.000786
430	0.000756
431	0.000726
432	0.000705
433	0.000709
434	0.000715
435	0.000726
436	0.000732
437	0.000732
438	0.000765
439	0.000814
440	0.000826
441	0.000826
442	0.000776
443	0.000721
444	0.000651
445	0.000617
446	0.000739
447	0.000796
448	0.000715
449	0.000702
450	0.000767
451	0.000713
452	0.000580
453	0.000581
454	0.000629
455	0.000636
456	0.000640
457	0.000761
458	0.000836
459	0.000695
460	0.000612
461	0.000655
462	0.000706
463	0.000767
464	0.000788
465	0.000783
466	0.000822
467	0.000873
468	0.000896
469	0.000916
470	0.000931
471	0.000948
472	0.000975
473	0.001034
474	0.001146
475	0.001238
476	0.001312
477	0.001442
478	0.001598
479	0.001707
480	0.001807
481	0.001956
482	0.002130
483	0.002433
484	0.002751
485	0.003104
486	0.003477
487	0.003874
488	0.004344
489	0.004856
490	0.005582
491	0.006363
492	0.007229
493	0.008144
494	0.009320
495	0.010593
496	0.012077
497	0.013718
498	0.015528
499	0.017651
500	0.019944
501	0.022801
502	0.025787
503	0.029507
504	0.033401
505	0.038056
506	0.043101
507	0.048847
508	0.055325
509	0.062451
510	0.070549
511	0.079059
512	0.089015
513	0.099300
514	0.111103
515	0.123270
516	0.136374
517	0.150111
518	0.164615
519	0.179467
520	0.194542
521	0.209351
522	0.224122
523	0.237567
524	0.250581
525	0.261834
526	0.271843
527	0.279992
528	0.285881
529	0.290265
530	0.291737
531	0.292470
532	0.289421
533	0.285777
534	0.279792
535	0.272664
536	0.263819
537	0.254338
538	0.244421
539	0.233849
540	0.223091
541	0.212367
542	0.201741
543	0.191552
544	0.181714
545	0.172347
546	0.163522
547	0.154981
548	0.147060
549	0.139266
550	0.132063
551	0.124958
552	0.118127
553	0.111650
554	0.105510
555	0.099551
556	0.093644
557	0.088061
558	0.082557
559	0.077404
560	0.072454
561	0.067811
562	0.063430
563	0.059193
564	0.055459
565	0.051816
566	0.048383
567	0.045093
568	0.042107
569	0.039383
570	0.036859
571	0.034556
572	0.032316
573	0.030420
574	0.028544
575	0.026728
576	0.025022
577	0.023413
578	0.021961
579	0.020555
580	0.019260
581	0.018033
582	0.017003
583	0.015969
584	0.014930
585	0.013950
586	0.012990
587	0.012257
588	0.011506
589	0.010715
590	0.009980
591	0.009293
592	0.008746
593	0.008237
594	0.007786
595	0.007337
596	0.006895
597	0.006493
598	0.006118
599	0.005779
600	0.005450
601	0.005149
602	0.004870
603	0.004624
604	0.004393
605	0.004169
606	0.003845
607	0.003575
608	0.003518
609	0.003370
610	0.003132
611	0.003012
612	0.002921
613	0.002788
614	0.002677
615	0.002609
616	0.002508
617	0.002387
618	0.002284
619	0.002181
620	0.002078
621	0.001971
622	0.001861
623	0.001798
624	0.001750
625	0.001731
626	0.001712
627	0.001695
628	0.001641
629	0.001569
630	0.001353
631	0.001203
632	0.001190
633	0.001289
634	0.001451
635	0.001324
636	0.001226
637	0.001251
638	0.001264
639	0.001269
640	0.001273
641	0.001253
642	0.001152
643	0.001093
644	0.001068
645	0.001050
646	0.001060
647	0.001172
648	0.001164
649	0.001053
650	0.001069
651	0.001088
652	0.001042
653	0.001024
654	0.001029
655	0.001047
656	0.001065
657	0.001071
658	0.001111
659	0.001179
660	0.001057
661	0.000947
662	0.000921
663	0.000919
664	0.000933
665	0.000939
666	0.000957
667	0.001003
668	0.001022
669	0.001030
670	0.001093
671	0.001116
672	0.001079
673	0.001028
674	0.000998
675	0.001121
676	0.001184
677	0.001189
678	0.001210
679	0.001199
680	0.001091
681	0.001032
682	0.001004
683	0.001161
684	0.001269
685	0.001303
686	0.001259
687	0.001206
688	0.001212
689	0.001141
690	0.001009
691	0.001032
692	0.001123
693	0.001327
694	0.001295
695	0.001182
696	0.001100
697	0.001137
698	0.001278
699	0.001365
700	0.001337
701	0.001096
702	0.001196
703	0.001336
704	0.001101
705	0.001114
706	0.001311
707	0.001086
708	0.000965
709	0.001001
710	0.001010
711	0.001007
712	0.000980
713	0.000973
714	0.000985
715	0.001063
716	0.001147
717	0.001235
718	0.001168
719	0.001170
720	0.001279
721	0.001223
722	0.001190
723	0.001287
724	0.001282
725	0.001240
726	0.001198
727	0.001101
728	0.000982
729	0.000985
730	0.001005
731	0.001040
732	0.001056
733	0.001192
734	0.001476
735	0.001404
736	0.001305
737	0.001220
738	0.001259
739	0.001366
740	0.001570
741	0.001684
742	0.001688
743	0.001450
744	0.001368
745	0.001362
746	0.001431
747	0.001451
748	0.001444
749	0.001419
750	0.001315
751	0.001231
752	0.001420
753	0.001500
754	0.001555
755	0.001764
756	0.001746
757	0.001630
758	0.001600
759	0.001514
760	0.001439
761	0.001542
762	0.001741
763	0.001935
764	0.001944
765	0.001781
766	0.001597
767	0.001562
768	0.001517
769	0.001585
770	0.001945
771	0.001834
772	0.001731
773	0.001852
774	0.001682
775	0.001596
776	0.001688
777	0.001945
778	0.002026
779	0.001922
780	0.001921
