Wavelength(nm)	PFD(umol m-2 s-1)
380	0.001102
381	0.001295
382	0.001105
383	0.000874
384	0.000894
385	0.000901
386	0.000810
387	0.000748
388	0.000770
389	0.000832
390	0.000963
391	0.000958
392	0.000806
393	0.000742
394	0.000735
395	0.000746
396	0.000764
397	0.000813
398	0.000868
399	0.000953
400	0.001026
401	0.000949
402	0.000843
403	0.000625
404	0.000572
405	0.000863
406	0.000937
407	0.000740
408	0.000668
409	0.000691
410	0.000757
411	0.000841
412	0.000849
413	0.000841
414	0.000830
415	0.000826
416	0.000926
417	0.000977
418	0.000829
419	0.000719
420	0.000690
421	0.000727
422	0.000844
423	0.000894
424	0.000895
425	0.000858
426	0.000805
427	0.000754
428	0.000703
429	0.000679
430	0.000664
431	0.000719
432	0.000749
433	0.000701
434	0.000691
435	0.000746
436	0.000760
437	0.000734
438	0.000673
439	0.000593
440	0.000528
441	0.000466
442	0.000506
443	0.000559
444	0.000683
445	0.000766
446	0.000667
447	0.000606
448	0.000629
449	0.000637
450	0.000627
451	0.000567
452	0.000472
453	0.000448
454	0.000448
455	0.000576
456	0.000715
457	0.000675
458	0.000642
459	0.000647
460	0.000644
461	0.000624
462	0.000615
463	0.000620
464	0.000624
465	0.000627
466	0.000651
467	0.000681
468	0.000730
469	0.000772
470	0.000705
471	0.000663
472	0.000711
473	0.000721
474	0.000666
475	0.000677
476	0.000750
477	0.000670
478	0.000517
479	0.000595
480	0.000718
481	0.000661
482	0.000635
483	0.000779
484	0.000821
485	0.000643
486	0.000573
487	0.000621
488	0.000664
489	0.000705
490	0.000636
491	0.000539
492	0.000486
493	0.000456
494	0.000555
495	0.000623
496	0.000623
497	0.000611
498	0.000587
499	0.000580
500	0.000582
501	0.000600
502	0.000621
503	0.000699
504	0.000746
505	0.000646
506	0.000567
507	0.000524
508	0.000519
509	0.000546
510	0.000569
511	0.000590
512	0.000600
513	0.000616
514	0.000723
515	0.000755
516	0.000571
517	0.000518
518	0.000626
519	0.000661
520	0.000655
521	0.000677
522	0.000702
523	0.000655
524	0.000617
525	0.000616
526	0.000626
527	0.000652
528	0.000646
529	0.000619
530	0.000720
531	0.000854
532	0.000589
533	0.000410
534	0.000592
535	0.000681
536	0.000628
537	0.000596
538	0.000578
539	0.000597
540	0.000626
541	0.000649
542	0.000657
543	0.000610
544	0.000598
545	0.000629
546	0.000641
547	0.000644
548	0.000598
549	0.000557
550	0.000675
551	0.000741
552	0.000678
553	0.000637
554	0.000618
555	0.000700
556	0.000819
557	0.000712
558	0.000642
559	0.000784
560	0.000811
561	0.000671
562	0.000602
563	0.000573
564	0.000650
565	0.000744
566	0.000841
567	0.000905
568	0.000904
569	0.000907
570	0.000913
571	0.000945
572	0.000982
573	0.000988
574	0.000968
575	0.000883
576	0.000845
577	0.000849
578	0.000878
579	0.000913
580	0.000909
581	0.000951
582	0.001123
583	0.001284
584	0.001436
585	0.001478
586	0.001486
587	0.001435
588	0.001439
589	0.001590
590	0.001693
591	0.001756
592	0.001861
593	0.001981
594	0.002172
595	0.002370
596	0.002580
597	0.002866
598	0.003205
599	0.003407
600	0.003612
601	0.003997
602	0.004363
603	0.004697
604	0.005102
605	0.005541
606	0.006260
607	0.006957
608	0.007515
609	0.008227
610	0.009091
611	0.010164
612	0.011310
613	0.012615
614	0.013936
615	0.015284
616	0.016911
617	0.018697
618	0.020809
619	0.023065
620	0.025721
621	0.028547
622	0.031533
623	0.034894
624	0.038449
625	0.042798
626	0.047416
627	0.052413
628	0.058059
629	0.063993
630	0.070823
631	0.078179
632	0.086596
633	0.095810
634	0.105494
635	0.116835
636	0.128727
637	0.141849
638	0.155826
639	0.170430
640	0.187305
641	0.205039
642	0.224786
643	0.246111
644	0.268746
645	0.293878
646	0.320170
647	0.349413
648	0.380385
649	0.412874
650	0.448565
651	0.485260
652	0.523729
653	0.562541
654	0.601661
655	0.639129
656	0.675107
657	0.706469
658	0.731467
659	0.751631
660	0.758502
661	0.759791
662	0.748919
663	0.727823
664	0.700290
665	0.659713
666	0.615628
667	0.565233
668	0.511978
669	0.457382
670	0.404332
671	0.353517
672	0.306048
673	0.264412
674	0.225567
675	0.193700
676	0.165200
677	0.139960
678	0.120229
679	0.102196
680	0.087033
681	0.074233
682	0.062829
683	0.054212
684	0.046256
685	0.039338
686	0.034054
687	0.029373
688	0.025412
689	0.022230
690	0.019678
691	0.017158
692	0.014876
693	0.013066
694	0.011535
695	0.010146
696	0.009048
697	0.008063
698	0.007177
699	0.006747
700	0.006218
701	0.005441
702	0.005042
703	0.004734
704	0.004253
705	0.003868
706	0.003553
707	0.003756
708	0.003714
709	0.003314
710	0.003030
711	0.002801
712	0.002666
713	0.002596
714	0.002554
715	0.002498
716	0.002511
717	0.002585
718	0.002463
719	0.002306
720	0.002107
721	0.002135
722	0.002164
723	0.002096
724	0.002042
725	0.001999
726	0.001984
727	0.002067
728	0.002196
729	0.002202
730	0.002198
731	0.002186
732	0.002073
733	0.001951
734	0.001818
735	0.001556
736	0.001447
737	0.001613
738	0.001933
739	0.002107
740	0.001900
741	0.002079
742	0.002258
743	0.002142
744	0.002122
745	0.002119
746	0.002057
747	0.001941
748	0.001891
749	0.002217
750	0.002280
751	0.002234
752	0.002252
753	0.002270
754	0.002301
755	0.002401
756	0.002447
757	0.002478
758	0.002577
759	0.002492
760	0.002323
761	0.002184
762	0.002266
763	0.002413
764	0.002423
765	0.002371
766	0.002352
767	0.002519
768	0.002656
769	0.002676
770	0.002423
771	0.002466
772	0.002539
773	0.002539
774	0.002580
775	0.002499
776	0.002234
777	0.002799
778	0.002875
779	0.002418
780	0.002261
