Wavelength(nm)	PFD(umol m-2 s-1)
380	0.004792
381	0.005690
382	0.005358
383	0.004889
384	0.004829
385	0.004748
386	0.004535
387	0.004361
388	0.004315
389	0.004215
390	0.004024
391	0.004153
392	0.004626
393	0.004814
394	0.004812
395	0.004734
396	0.004625
397	0.004037
398	0.003355
399	0.003661
400	0.004002
401	0.004295
402	0.004538
403	0.004580
404	0.004329
405	0.003472
406	0.003204
407	0.003667
408	0.004174
409	0.004714
410	0.004797
411	0.004678
412	0.004689
413	0.004728
414	0.004590
415	0.004378
416	0.003326
417	0.002633
418	0.003406
419	0.003965
420	0.004073
421	0.004010
422	0.003741
423	0.003841
424	0.004204
425	0.004522
426	0.004822
427	0.004384
428	0.003808
429	0.003316
430	0.002863
431	0.002722
432	0.002617
433	0.002631
434	0.002762
435	0.003090
436	0.003069
437	0.002714
438	0.002559
439	0.002516
440	0.002437
441	0.002347
442	0.002681
443	0.003030
444	0.002858
445	0.002678
446	0.002473
447	0.002440
448	0.002768
449	0.003095
450	0.003419
451	0.003206
452	0.002638
453	0.002520
454	0.002557
455	0.002666
456	0.002781
457	0.002795
458	0.002770
459	0.002561
460	0.002487
461	0.002705
462	0.003053
463	0.003553
464	0.003464
465	0.003002
466	0.002996
467	0.003132
468	0.002931
469	0.002763
470	0.003585
471	0.004145
472	0.003738
473	0.003298
474	0.002802
475	0.002560
476	0.002551
477	0.003032
478	0.003746
479	0.003840
480	0.003814
481	0.003394
482	0.002924
483	0.002203
484	0.001826
485	0.002200
486	0.002390
487	0.002377
488	0.002317
489	0.002230
490	0.002328
491	0.002472
492	0.002468
493	0.002529
494	0.003009
495	0.003167
496	0.002607
497	0.002316
498	0.002320
499	0.002617
500	0.003071
501	0.002787
502	0.002346
503	0.002885
504	0.003320
505	0.003255
506	0.003244
507	0.003334
508	0.003051
509	0.002439
510	0.002657
511	0.003212
512	0.002857
513	0.002418
514	0.002268
515	0.002201
516	0.002367
517	0.002496
518	0.002581
519	0.002589
520	0.002552
521	0.003010
522	0.003560
523	0.003397
524	0.003174
525	0.002729
526	0.002236
527	0.001672
528	0.001781
529	0.002342
530	0.002391
531	0.002311
532	0.002233
533	0.002219
534	0.002467
535	0.002520
536	0.002281
537	0.002632
538	0.003375
539	0.002862
540	0.002064
541	0.002279
542	0.002475
543	0.002609
544	0.002764
545	0.002945
546	0.003100
547	0.003241
548	0.003312
549	0.003358
550	0.003245
551	0.003309
552	0.003801
553	0.003890
554	0.003596
555	0.003523
556	0.003530
557	0.003410
558	0.003226
559	0.002787
560	0.002709
561	0.003159
562	0.003442
563	0.003630
564	0.003318
565	0.003017
566	0.003542
567	0.003810
568	0.003558
569	0.003382
570	0.003266
571	0.003605
572	0.004043
573	0.004164
574	0.004340
575	0.004653
576	0.004994
577	0.005362
578	0.004698
579	0.003762
580	0.004977
581	0.005745
582	0.005265
583	0.004916
584	0.004689
585	0.005648
586	0.006954
587	0.007572
588	0.008107
589	0.008426
590	0.008858
591	0.009389
592	0.010172
593	0.011021
594	0.011844
595	0.012739
596	0.013785
597	0.015375
598	0.017353
599	0.018460
600	0.019684
601	0.022760
602	0.025481
603	0.027652
604	0.030206
605	0.032954
606	0.037801
607	0.042255
608	0.044873
609	0.049377
610	0.055756
611	0.062055
612	0.068467
613	0.076528
614	0.084730
615	0.093166
616	0.103393
617	0.114638
618	0.128275
619	0.142323
620	0.157089
621	0.174123
622	0.193278
623	0.215414
624	0.238605
625	0.264368
626	0.291701
627	0.321237
628	0.356007
629	0.393039
630	0.435347
631	0.479955
632	0.529161
633	0.584164
634	0.642568
635	0.709236
636	0.778925
637	0.855449
638	0.938881
639	1.027351
640	1.127472
641	1.232473
642	1.349337
643	1.475692
644	1.609932
645	1.762542
646	1.921958
647	2.096626
648	2.281872
649	2.476402
650	2.686900
651	2.902891
652	3.129422
653	3.358412
654	3.589592
655	3.807703
656	4.015306
657	4.191262
658	4.331722
659	4.445228
660	4.478592
661	4.477742
662	4.402041
663	4.269104
664	4.100108
665	3.851952
666	3.584809
667	3.284170
668	2.968061
669	2.644768
670	2.332162
671	2.032666
672	1.752812
673	1.510916
674	1.286419
675	1.102282
676	0.939251
677	0.796658
678	0.682042
679	0.577739
680	0.492988
681	0.421138
682	0.356909
683	0.308404
684	0.264066
685	0.226250
686	0.195524
687	0.167718
688	0.144676
689	0.125213
690	0.108642
691	0.095221
692	0.083154
693	0.073413
694	0.065683
695	0.058693
696	0.051825
697	0.046360
698	0.042124
699	0.037030
700	0.032955
701	0.030957
702	0.027262
703	0.023676
704	0.023583
705	0.021369
706	0.017586
707	0.016971
708	0.015943
709	0.014283
710	0.013974
711	0.014136
712	0.014879
713	0.013681
714	0.011778
715	0.011623
716	0.011732
717	0.012066
718	0.010146
719	0.009060
720	0.009272
721	0.010081
722	0.010529
723	0.009818
724	0.010454
725	0.010998
726	0.008868
727	0.009626
728	0.011724
729	0.009489
730	0.008623
731	0.008955
732	0.009404
733	0.009715
734	0.009855
735	0.009326
736	0.009334
737	0.010336
738	0.009800
739	0.009558
740	0.010583
741	0.010845
742	0.010205
743	0.007604
744	0.008704
745	0.010641
746	0.010938
747	0.009788
748	0.008286
749	0.007885
750	0.008683
751	0.010013
752	0.011172
753	0.011137
754	0.010315
755	0.008550
756	0.009229
757	0.010937
758	0.011509
759	0.010890
760	0.010089
761	0.011166
762	0.011534
763	0.011952
764	0.013833
765	0.012420
766	0.010401
767	0.010585
768	0.010065
769	0.010020
770	0.011725
771	0.011001
772	0.010140
773	0.010094
774	0.010793
775	0.012444
776	0.015303
777	0.012776
778	0.011849
779	0.012775
780	0.011971
