Wavelength(nm)	PFD(umol m-2 s-1)
380	0.018943
381	0.018275
382	0.016143
383	0.013876
384	0.014583
385	0.014702
386	0.010896
387	0.008996
388	0.012928
389	0.014640
390	0.012470
391	0.010686
392	0.009318
393	0.010875
394	0.014378
395	0.014461
396	0.013214
397	0.011588
398	0.009882
399	0.011625
400	0.013396
401	0.013856
402	0.014321
403	0.014804
404	0.014990
405	0.014557
406	0.012985
407	0.010004
408	0.009236
409	0.010137
410	0.012586
411	0.015724
412	0.015439
413	0.014398
414	0.014482
415	0.014679
416	0.015484
417	0.015576
418	0.012769
419	0.011389
420	0.012987
421	0.013245
422	0.011883
423	0.011991
424	0.013156
425	0.013257
426	0.012928
427	0.014816
428	0.017123
429	0.014823
430	0.012602
431	0.012042
432	0.011478
433	0.010910
434	0.010271
435	0.009517
436	0.009717
437	0.010834
438	0.011630
439	0.012249
440	0.011977
441	0.011448
442	0.009782
443	0.008080
444	0.007876
445	0.008070
446	0.010003
447	0.011198
448	0.010843
449	0.010423
450	0.009926
451	0.010705
452	0.012328
453	0.011077
454	0.008831
455	0.010586
456	0.012707
457	0.009897
458	0.007817
459	0.009256
460	0.010268
461	0.010360
462	0.010818
463	0.011697
464	0.012176
465	0.012404
466	0.012751
467	0.013138
468	0.013064
469	0.012788
470	0.010190
471	0.008783
472	0.011744
473	0.013610
474	0.013590
475	0.013046
476	0.012021
477	0.012088
478	0.012671
479	0.010827
480	0.008503
481	0.010151
482	0.011621
483	0.011998
484	0.012039
485	0.011350
486	0.011182
487	0.011582
488	0.011301
489	0.010639
490	0.010726
491	0.010993
492	0.011838
493	0.012577
494	0.012554
495	0.012352
496	0.011752
497	0.011016
498	0.010133
499	0.008765
500	0.007134
501	0.008990
502	0.011589
503	0.011020
504	0.010556
505	0.010592
506	0.010358
507	0.009626
508	0.009712
509	0.010518
510	0.010437
511	0.009997
512	0.011385
513	0.012745
514	0.011204
515	0.010242
516	0.010910
517	0.010139
518	0.007598
519	0.006885
520	0.007215
521	0.009264
522	0.011624
523	0.010972
524	0.010554
525	0.011024
526	0.010651
527	0.009033
528	0.009054
529	0.010172
530	0.010653
531	0.010974
532	0.013069
533	0.013909
534	0.009582
535	0.007690
536	0.009486
537	0.010220
538	0.010253
539	0.009882
540	0.009420
541	0.009290
542	0.009234
543	0.009433
544	0.009056
545	0.007925
546	0.007765
547	0.008139
548	0.009406
549	0.010677
550	0.010210
551	0.010248
552	0.011509
553	0.011874
554	0.011387
555	0.010886
556	0.010378
557	0.010036
558	0.009990
559	0.011249
560	0.011494
561	0.010260
562	0.009939
563	0.010143
564	0.010058
565	0.010019
566	0.010819
567	0.012119
568	0.014430
569	0.015283
570	0.015018
571	0.014127
572	0.013054
573	0.011395
574	0.010217
575	0.010266
576	0.011763
577	0.014571
578	0.015564
579	0.016007
580	0.015875
581	0.016489
582	0.019178
583	0.021277
584	0.022821
585	0.023293
586	0.023445
587	0.023800
588	0.024983
589	0.028321
590	0.031109
591	0.033420
592	0.036922
593	0.040697
594	0.043768
595	0.046502
596	0.048510
597	0.050777
598	0.053230
599	0.060013
600	0.067403
601	0.073744
602	0.080556
603	0.088078
604	0.100229
605	0.114697
606	0.126356
607	0.138016
608	0.150170
609	0.165427
610	0.183772
611	0.203540
612	0.224253
613	0.251974
614	0.279346
615	0.306004
616	0.341025
617	0.380784
618	0.421383
619	0.464990
620	0.518541
621	0.576866
622	0.639665
623	0.707879
624	0.779513
625	0.867237
626	0.959839
627	1.059277
628	1.177976
629	1.304860
630	1.445633
631	1.594807
632	1.760828
633	1.948398
634	2.148587
635	2.380356
636	2.623525
637	2.892530
638	3.183257
639	3.489854
640	3.835012
641	4.196800
642	4.599418
643	5.033064
644	5.492503
645	6.004115
646	6.538794
647	7.130769
648	7.761824
649	8.427146
650	9.154087
651	9.898821
652	10.671537
653	11.456260
654	12.251530
655	13.003265
656	13.721772
657	14.340854
658	14.833867
659	15.231138
660	15.362735
661	15.376409
662	15.129283
663	14.688423
664	14.125513
665	13.280600
666	12.370384
667	11.345600
668	10.260455
669	9.146905
670	8.062022
671	7.028609
672	6.072115
673	5.232518
674	4.450054
675	3.814856
676	3.249162
677	2.750770
678	2.356203
679	1.996187
680	1.697760
681	1.443272
682	1.214873
683	1.051471
684	0.897514
685	0.758421
686	0.658369
687	0.571336
688	0.494373
689	0.429411
690	0.374156
691	0.332050
692	0.289255
693	0.243686
694	0.213189
695	0.189739
696	0.176845
697	0.160959
698	0.142444
699	0.128056
700	0.115756
701	0.106964
702	0.097528
703	0.088639
704	0.083742
705	0.075546
706	0.064906
707	0.063972
708	0.060586
709	0.053548
710	0.053842
711	0.053343
712	0.046123
713	0.044462
714	0.045034
715	0.042417
716	0.038255
717	0.032767
718	0.033481
719	0.036331
720	0.042025
721	0.039828
722	0.037605
723	0.038820
724	0.037382
725	0.034973
726	0.032562
727	0.031439
728	0.031049
729	0.030306
730	0.029999
731	0.030072
732	0.034320
733	0.033333
734	0.025887
735	0.029978
736	0.032148
737	0.029299
738	0.032225
739	0.033654
740	0.029474
741	0.033191
742	0.035130
743	0.026024
744	0.029082
745	0.034648
746	0.033969
747	0.034916
748	0.036469
749	0.037687
750	0.038288
751	0.038352
752	0.037229
753	0.036722
754	0.038283
755	0.048922
756	0.044847
757	0.036013
758	0.041278
759	0.045578
760	0.048125
761	0.044755
762	0.039543
763	0.034640
764	0.034267
765	0.033138
766	0.034368
767	0.044113
768	0.042171
769	0.038682
770	0.040596
771	0.035832
772	0.031979
773	0.032836
774	0.036201
775	0.039016
776	0.040539
777	0.038724
778	0.040239
779	0.045046
780	0.042383
