Wavelength(nm)	PFD(umol m-2 s-1)
380	0.018956
381	0.018277
382	0.016143
383	0.013876
384	0.014583
385	0.015092
386	0.014266
387	0.013150
388	0.011166
389	0.010181
390	0.010948
391	0.012033
392	0.013461
393	0.012818
394	0.010798
395	0.011298
396	0.012780
397	0.011588
398	0.009882
399	0.009021
400	0.008518
401	0.011688
402	0.014321
403	0.014804
404	0.014990
405	0.014557
406	0.012985
407	0.010004
408	0.009236
409	0.010137
410	0.012586
411	0.015724
412	0.015439
413	0.014398
414	0.014482
415	0.014489
416	0.012644
417	0.011128
418	0.010974
419	0.011389
420	0.012987
421	0.013245
422	0.011883
423	0.010559
424	0.009261
425	0.010407
426	0.012544
427	0.012748
428	0.012594
429	0.012628
430	0.012602
431	0.012042
432	0.010870
433	0.007783
434	0.006513
435	0.008281
436	0.008422
437	0.006998
438	0.006893
439	0.007518
440	0.009218
441	0.011229
442	0.012052
443	0.012596
444	0.009906
445	0.008070
446	0.010003
447	0.010416
448	0.007646
449	0.007044
450	0.008965
451	0.010705
452	0.012328
453	0.011077
454	0.008831
455	0.008461
456	0.008321
457	0.007908
458	0.007389
459	0.006371
460	0.006489
461	0.009042
462	0.009636
463	0.007973
464	0.009025
465	0.011798
466	0.012751
467	0.013138
468	0.010684
469	0.008123
470	0.008135
471	0.008783
472	0.011744
473	0.013610
474	0.013590
475	0.011682
476	0.008049
477	0.009050
478	0.012245
479	0.010827
480	0.008503
481	0.012656
482	0.015480
483	0.010856
484	0.008254
485	0.010051
486	0.010017
487	0.007979
488	0.008388
489	0.010168
490	0.010726
491	0.010993
492	0.009511
493	0.008530
494	0.010899
495	0.011613
496	0.008626
497	0.007794
498	0.009301
499	0.008765
500	0.007134
501	0.006996
502	0.007174
503	0.006590
504	0.006543
505	0.009015
506	0.009485
507	0.006282
508	0.006526
509	0.009807
510	0.010437
511	0.009997
512	0.009135
513	0.008169
514	0.006614
515	0.005637
516	0.006291
517	0.007808
518	0.010384
519	0.009897
520	0.007659
521	0.009264
522	0.011577
523	0.008358
524	0.005909
525	0.006383
526	0.007051
527	0.008004
528	0.009054
529	0.010172
530	0.010653
531	0.010974
532	0.010508
533	0.009785
534	0.008032
535	0.006656
536	0.005856
537	0.007120
538	0.009754
539	0.007762
540	0.004750
541	0.007246
542	0.009234
543	0.009433
544	0.009056
545	0.007925
546	0.007765
547	0.008139
548	0.009406
549	0.010677
550	0.010210
551	0.009429
552	0.007897
553	0.008332
554	0.010642
555	0.010886
556	0.010378
557	0.010036
558	0.009474
559	0.007887
560	0.007604
561	0.009221
562	0.009939
563	0.010143
564	0.010058
565	0.009733
566	0.007597
567	0.006916
568	0.009191
569	0.010008
570	0.009705
571	0.011230
572	0.013054
573	0.011395
574	0.010217
575	0.010266
576	0.011763
577	0.014571
578	0.013120
579	0.010494
580	0.013536
581	0.015634
582	0.015095
583	0.015611
584	0.017123
585	0.017560
586	0.017676
587	0.017995
588	0.019140
589	0.022439
590	0.025191
591	0.027469
592	0.030944
593	0.034695
594	0.037759
595	0.041600
596	0.047074
597	0.048736
598	0.047701
599	0.053967
600	0.061347
601	0.067671
602	0.074467
603	0.081972
604	0.091714
605	0.102582
606	0.110597
607	0.121013
608	0.140345
609	0.155506
610	0.166520
611	0.184656
612	0.205058
613	0.229028
614	0.253952
615	0.280558
616	0.315538
617	0.355264
618	0.392342
619	0.431324
620	0.477328
621	0.530025
622	0.588988
623	0.656395
624	0.727049
625	0.806981
626	0.893290
627	0.988583
628	1.097511
629	1.212441
630	1.344935
631	1.485737
632	1.643220
633	1.819605
634	2.007076
635	2.218325
636	2.442647
637	2.698718
638	2.969307
639	3.250569
640	3.573922
641	3.913244
642	4.289943
643	4.697546
644	5.130824
645	5.612080
646	6.114796
647	6.671085
648	7.268434
649	7.901763
650	8.584093
651	9.284821
652	10.023648
653	10.776651
654	11.542028
655	12.271065
656	12.970751
657	13.581245
658	14.075863
659	14.482506
660	14.635635
661	14.677254
662	14.472724
663	14.080724
664	13.570667
665	12.793749
666	11.947891
667	10.978678
668	9.949861
669	8.893336
670	7.871252
671	6.887023
672	5.959685
673	5.153478
674	4.402973
675	3.782742
676	3.226952
677	2.733559
678	2.344047
679	1.989126
680	1.695861
681	1.446596
682	1.223276
683	1.049292
684	0.895223
685	0.772218
686	0.663154
687	0.563449
688	0.491933
689	0.426341
690	0.365521
691	0.323063
692	0.282135
693	0.242189
694	0.213189
695	0.188975
696	0.170311
697	0.154812
698	0.142081
699	0.122559
700	0.106386
701	0.097557
702	0.092561
703	0.087664
704	0.076759
705	0.069474
706	0.064857
707	0.057914
708	0.053425
709	0.052512
710	0.048678
711	0.045118
712	0.044127
713	0.044462
714	0.044342
715	0.035362
716	0.035156
717	0.042461
718	0.037276
719	0.033689
720	0.032918
721	0.035221
722	0.035730
723	0.030454
724	0.032042
725	0.034973
726	0.032562
727	0.031439
728	0.031049
729	0.030306
730	0.029999
731	0.030072
732	0.034320
733	0.033333
734	0.025887
735	0.036166
736	0.042587
737	0.039783
738	0.036931
739	0.033654
740	0.029474
741	0.027662
742	0.028119
743	0.033161
744	0.034630
745	0.033042
746	0.025094
747	0.029017
748	0.036469
749	0.037687
750	0.038288
751	0.038352
752	0.037229
753	0.031549
754	0.026571
755	0.037118
756	0.038240
757	0.034684
758	0.031874
759	0.033456
760	0.037399
761	0.042207
762	0.039543
763	0.034640
764	0.034267
765	0.033138
766	0.034368
767	0.044113
768	0.042171
769	0.038682
770	0.040596
771	0.043015
772	0.041938
773	0.033930
774	0.036201
775	0.039016
776	0.040539
777	0.047674
778	0.044590
779	0.031527
780	0.038425
