Wavelength(nm)	PFD(umol m-2 s-1)
380	0.001114
381	0.001187
382	0.001097
383	0.000991
384	0.001017
385	0.001028
386	0.000934
387	0.000868
388	0.000888
389	0.000907
390	0.000922
391	0.000862
392	0.000720
393	0.000656
394	0.000643
395	0.000656
396	0.000680
397	0.000816
398	0.000975
399	0.000957
400	0.000928
401	0.000855
402	0.000799
403	0.000806
404	0.000831
405	0.000892
406	0.000890
407	0.000810
408	0.000792
409	0.000820
410	0.000806
411	0.000773
412	0.000850
413	0.000952
414	0.000945
415	0.000940
416	0.001032
417	0.001078
418	0.000936
419	0.000828
420	0.000793
421	0.000826
422	0.000941
423	0.000986
424	0.000980
425	0.000874
426	0.000728
427	0.000746
428	0.000794
429	0.000774
430	0.000760
431	0.000813
432	0.000818
433	0.000675
434	0.000642
435	0.000793
436	0.000804
437	0.000680
438	0.000652
439	0.000676
440	0.000717
441	0.000763
442	0.000719
443	0.000669
444	0.000689
445	0.000686
446	0.000587
447	0.000526
448	0.000548
449	0.000558
450	0.000556
451	0.000554
452	0.000553
453	0.000622
454	0.000716
455	0.000686
456	0.000643
457	0.000694
458	0.000754
459	0.000856
460	0.000889
461	0.000774
462	0.000670
463	0.000576
464	0.000603
465	0.000707
466	0.000754
467	0.000783
468	0.000834
469	0.000874
470	0.000695
471	0.000566
472	0.000618
473	0.000670
474	0.000720
475	0.000783
476	0.000857
477	0.000706
478	0.000447
479	0.000591
480	0.000814
481	0.000760
482	0.000704
483	0.000650
484	0.000589
485	0.000513
486	0.000541
487	0.000682
488	0.000760
489	0.000804
490	0.000659
491	0.000467
492	0.000506
493	0.000545
494	0.000544
495	0.000543
496	0.000543
497	0.000577
498	0.000649
499	0.000675
500	0.000676
501	0.000620
502	0.000552
503	0.000530
504	0.000512
505	0.000514
506	0.000533
507	0.000583
508	0.000569
509	0.000497
510	0.000565
511	0.000689
512	0.000704
513	0.000699
514	0.000602
515	0.000537
516	0.000564
517	0.000624
518	0.000726
519	0.000763
520	0.000764
521	0.000785
522	0.000807
523	0.000655
524	0.000556
525	0.000656
526	0.000685
527	0.000609
528	0.000623
529	0.000698
530	0.000653
531	0.000578
532	0.000528
533	0.000523
534	0.000702
535	0.000749
536	0.000597
537	0.000584
538	0.000663
539	0.000700
540	0.000728
541	0.000756
542	0.000768
543	0.000718
544	0.000749
545	0.000884
546	0.000866
547	0.000764
548	0.000799
549	0.000844
550	0.000740
551	0.000651
552	0.000598
553	0.000616
554	0.000701
555	0.000730
556	0.000738
557	0.000733
558	0.000734
559	0.000763
560	0.000769
561	0.000742
562	0.000715
563	0.000689
564	0.000664
565	0.000650
566	0.000741
567	0.000803
568	0.000809
569	0.000881
570	0.001006
571	0.000964
572	0.000884
573	0.000890
574	0.000869
575	0.000781
576	0.000742
577	0.000745
578	0.000772
579	0.000807
580	0.000936
581	0.001074
582	0.001237
583	0.001254
584	0.001133
585	0.001209
586	0.001345
587	0.001419
588	0.001475
589	0.001485
590	0.001602
591	0.001812
592	0.001834
593	0.001820
594	0.001991
595	0.002174
596	0.002381
597	0.002568
598	0.002742
599	0.003152
600	0.003574
601	0.003791
602	0.004050
603	0.004373
604	0.004844
605	0.005389
606	0.005940
607	0.006518
608	0.007186
609	0.007927
610	0.008740
611	0.009646
612	0.010598
613	0.011826
614	0.013121
615	0.014535
616	0.016113
617	0.017786
618	0.019637
619	0.021679
620	0.024325
621	0.027061
622	0.029881
623	0.033039
624	0.036393
625	0.040636
626	0.044948
627	0.049352
628	0.054696
629	0.060445
630	0.067172
631	0.074250
632	0.082030
633	0.090552
634	0.099512
635	0.110320
636	0.121627
637	0.133988
638	0.147330
639	0.161389
640	0.177314
641	0.194051
642	0.212793
643	0.233032
644	0.254514
645	0.278486
646	0.303467
647	0.330832
648	0.360268
649	0.391517
650	0.425074
651	0.459567
652	0.496122
653	0.533007
654	0.570191
655	0.605837
656	0.639844
657	0.668668
658	0.692009
659	0.711187
660	0.717528
661	0.718390
662	0.707257
663	0.687063
664	0.661161
665	0.622448
666	0.580408
667	0.532415
668	0.481976
669	0.430398
670	0.380469
671	0.332726
672	0.288257
673	0.248957
674	0.212249
675	0.182480
676	0.155855
677	0.132276
678	0.113384
679	0.096175
680	0.082108
681	0.070136
682	0.059402
683	0.051072
684	0.043616
685	0.037526
686	0.032484
687	0.027938
688	0.024428
689	0.021299
690	0.018478
691	0.016069
692	0.013912
693	0.012209
694	0.010931
695	0.009819
696	0.008787
697	0.007990
698	0.007400
699	0.006582
700	0.005942
701	0.005675
702	0.005055
703	0.004439
704	0.004457
705	0.004304
706	0.004027
707	0.003745
708	0.003511
709	0.003346
710	0.003331
711	0.003314
712	0.003205
713	0.002967
714	0.002669
715	0.002367
716	0.002401
717	0.002722
718	0.002368
719	0.002175
720	0.002241
721	0.002306
722	0.002334
723	0.002270
724	0.002021
725	0.001807
726	0.002064
727	0.002082
728	0.001988
729	0.002251
730	0.002378
731	0.002383
732	0.002522
733	0.002425
734	0.002038
735	0.001770
736	0.001663
737	0.001804
738	0.002117
739	0.002208
740	0.001742
741	0.001866
742	0.002115
743	0.002267
744	0.002108
745	0.001950
746	0.002176
747	0.002153
748	0.002053
749	0.002069
750	0.002236
751	0.002438
752	0.002458
753	0.002478
754	0.002460
755	0.002248
756	0.002393
757	0.002632
758	0.002411
759	0.002454
760	0.002628
761	0.002802
762	0.002528
763	0.002150
764	0.002159
765	0.002109
766	0.002175
767	0.002687
768	0.002630
769	0.002491
770	0.002594
771	0.002701
772	0.002780
773	0.002806
774	0.002519
775	0.002370
776	0.002483
777	0.002334
778	0.002585
779	0.003213
780	0.002670
