Wavelength(nm)	PFD(umol m-2 s-1)
380	0.000958
381	0.000915
382	0.000815
383	0.000710
384	0.000737
385	0.000763
386	0.000786
387	0.000809
388	0.000828
389	0.000846
390	0.000861
391	0.000855
392	0.000825
393	0.000804
394	0.000789
395	0.000728
396	0.000647
397	0.000676
398	0.000725
399	0.000704
400	0.000684
401	0.000716
402	0.000722
403	0.000623
404	0.000609
405	0.000773
406	0.000879
407	0.000910
408	0.000877
409	0.000796
410	0.000824
411	0.000899
412	0.000819
413	0.000704
414	0.000786
415	0.000872
416	0.000861
417	0.000864
418	0.000925
419	0.000924
420	0.000793
421	0.000729
422	0.000746
423	0.000750
424	0.000746
425	0.000711
426	0.000663
427	0.000617
428	0.000570
429	0.000639
430	0.000698
431	0.000655
432	0.000611
433	0.000567
434	0.000558
435	0.000608
436	0.000620
437	0.000597
438	0.000603
439	0.000626
440	0.000592
441	0.000542
442	0.000577
443	0.000620
444	0.000639
445	0.000654
446	0.000651
447	0.000654
448	0.000674
449	0.000683
450	0.000680
451	0.000624
452	0.000532
453	0.000509
454	0.000509
455	0.000550
456	0.000593
457	0.000551
458	0.000516
459	0.000520
460	0.000516
461	0.000497
462	0.000534
463	0.000634
464	0.000615
465	0.000522
466	0.000520
467	0.000547
468	0.000596
469	0.000639
470	0.000566
471	0.000519
472	0.000569
473	0.000582
474	0.000532
475	0.000546
476	0.000618
477	0.000605
478	0.000553
479	0.000562
480	0.000582
481	0.000625
482	0.000653
483	0.000601
484	0.000572
485	0.000592
486	0.000579
487	0.000530
488	0.000540
489	0.000583
490	0.000589
491	0.000588
492	0.000454
493	0.000348
494	0.000438
495	0.000500
496	0.000499
497	0.000489
498	0.000467
499	0.000461
500	0.000465
501	0.000486
502	0.000510
503	0.000489
504	0.000472
505	0.000473
506	0.000459
507	0.000414
508	0.000406
509	0.000431
510	0.000455
511	0.000480
512	0.000569
513	0.000658
514	0.000660
515	0.000644
516	0.000573
517	0.000535
518	0.000536
519	0.000537
520	0.000538
521	0.000558
522	0.000581
523	0.000532
524	0.000513
525	0.000610
526	0.000638
527	0.000564
528	0.000578
529	0.000650
530	0.000607
531	0.000534
532	0.000583
533	0.000618
534	0.000595
535	0.000601
536	0.000651
537	0.000657
538	0.000635
539	0.000652
540	0.000680
541	0.000807
542	0.000873
543	0.000725
544	0.000654
545	0.000683
546	0.000629
547	0.000529
548	0.000473
549	0.000436
550	0.000542
551	0.000634
552	0.000689
553	0.000703
554	0.000679
555	0.000678
556	0.000686
557	0.000682
558	0.000682
559	0.000710
560	0.000716
561	0.000690
562	0.000665
563	0.000639
564	0.000615
565	0.000591
566	0.000567
567	0.000589
568	0.000705
569	0.000759
570	0.000764
571	0.000793
572	0.000831
573	0.000952
574	0.000983
575	0.000781
576	0.000688
577	0.000691
578	0.000809
579	0.000959
580	0.000963
581	0.000975
582	0.001009
583	0.001029
584	0.001035
585	0.001137
586	0.001264
587	0.001209
588	0.001171
589	0.001179
590	0.001359
591	0.001689
592	0.001840
593	0.001942
594	0.001976
595	0.002064
596	0.002263
597	0.002443
598	0.002610
599	0.002892
600	0.003199
601	0.003539
602	0.003868
603	0.004179
604	0.004543
605	0.004932
606	0.005326
607	0.005836
608	0.006750
609	0.007529
610	0.008174
611	0.009123
612	0.010150
613	0.011052
614	0.012167
615	0.013666
616	0.015235
617	0.016844
618	0.018625
619	0.020557
620	0.022962
621	0.025526
622	0.028239
623	0.031392
624	0.034714
625	0.038509
626	0.042666
627	0.047335
628	0.052391
629	0.057633
630	0.063955
631	0.070615
632	0.077948
633	0.086185
634	0.094951
635	0.105066
636	0.115757
637	0.127801
638	0.140429
639	0.153488
640	0.168902
641	0.185052
642	0.202767
643	0.221921
644	0.242270
645	0.265287
646	0.289282
647	0.315443
648	0.343335
649	0.372744
650	0.404784
651	0.437755
652	0.472576
653	0.507803
654	0.543391
655	0.577195
656	0.609529
657	0.637399
658	0.659799
659	0.678044
660	0.683929
661	0.684634
662	0.674062
663	0.655101
664	0.630856
665	0.593598
666	0.553352
667	0.507871
668	0.459792
669	0.410498
670	0.362622
671	0.316928
672	0.274497
673	0.236899
674	0.201753
675	0.173287
676	0.147752
677	0.125052
678	0.107376
679	0.091291
680	0.077944
681	0.066491
682	0.056158
683	0.048337
684	0.041199
685	0.035132
686	0.030548
687	0.026477
688	0.022890
689	0.019783
690	0.017065
691	0.014942
692	0.013004
693	0.011363
694	0.010131
695	0.009059
696	0.008064
697	0.007296
698	0.006727
699	0.006145
700	0.005597
701	0.005117
702	0.004463
703	0.003832
704	0.003621
705	0.003376
706	0.003105
707	0.003059
708	0.002968
709	0.002807
710	0.002595
711	0.002462
712	0.002590
713	0.002597
714	0.002522
715	0.002231
716	0.002133
717	0.002200
718	0.001852
719	0.001665
720	0.001728
721	0.001790
722	0.001888
723	0.002071
724	0.002077
725	0.002028
726	0.002030
727	0.001800
728	0.001482
729	0.001734
730	0.001988
731	0.002243
732	0.001879
733	0.001621
734	0.001500
735	0.001495
736	0.001551
737	0.001686
738	0.001768
739	0.001841
740	0.001915
741	0.001731
742	0.001580
743	0.001723
744	0.001768
745	0.001764
746	0.001707
747	0.001797
748	0.001869
749	0.001602
750	0.001671
751	0.001861
752	0.001876
753	0.001891
754	0.001918
755	0.002008
756	0.002247
757	0.002476
758	0.002263
759	0.002305
760	0.002472
761	0.002639
762	0.002375
763	0.002010
764	0.002019
765	0.002200
766	0.002507
767	0.003001
768	0.002702
769	0.002337
770	0.002436
771	0.002538
772	0.002614
773	0.002638
774	0.002361
775	0.002217
776	0.002325
777	0.002519
778	0.002587
779	0.002531
780	0.002733
