Wavelength(nm)	PFD(umol m-2 s-1)
380	0.001196
381	0.001309
382	0.001200
383	0.001068
384	0.001066
385	0.001062
386	0.001056
387	0.001057
388	0.001080
389	0.001074
390	0.001017
391	0.000998
392	0.001018
393	0.001031
394	0.001037
395	0.001059
396	0.001086
397	0.001211
398	0.001354
399	0.001277
400	0.001194
401	0.001147
402	0.001135
403	0.001262
404	0.001420
405	0.001640
406	0.001808
407	0.001911
408	0.002179
409	0.002574
410	0.002976
411	0.003383
412	0.003976
413	0.004613
414	0.005513
415	0.006472
416	0.007956
417	0.009595
418	0.011839
419	0.014372
420	0.017495
421	0.021237
422	0.025724
423	0.031167
424	0.037303
425	0.045044
426	0.053453
427	0.064415
428	0.075893
429	0.091309
430	0.107468
431	0.128443
432	0.151082
433	0.178753
434	0.209079
435	0.243745
436	0.281108
437	0.321073
438	0.361162
439	0.401399
440	0.436447
441	0.470125
442	0.491863
443	0.511718
444	0.515719
445	0.516606
446	0.503857
447	0.487015
448	0.461697
449	0.432703
450	0.399452
451	0.365771
452	0.331755
453	0.300366
454	0.269790
455	0.244453
456	0.219865
457	0.200881
458	0.182428
459	0.166816
460	0.151742
461	0.137895
462	0.124570
463	0.111855
464	0.099952
465	0.088542
466	0.078575
467	0.069032
468	0.061259
469	0.053746
470	0.047951
471	0.042441
472	0.038032
473	0.034029
474	0.030733
475	0.027701
476	0.024910
477	0.022432
478	0.020097
479	0.018076
480	0.016109
481	0.014509
482	0.012968
483	0.011762
484	0.010569
485	0.009409
486	0.008407
487	0.007579
488	0.006854
489	0.006186
490	0.005690
491	0.005233
492	0.004776
493	0.004329
494	0.003953
495	0.003637
496	0.003459
497	0.003170
498	0.002761
499	0.002620
500	0.002621
501	0.002363
502	0.002049
503	0.001919
504	0.001793
505	0.001689
506	0.001576
507	0.001442
508	0.001402
509	0.001443
510	0.001378
511	0.001270
512	0.001276
513	0.001295
514	0.001322
515	0.001269
516	0.000993
517	0.000920
518	0.001097
519	0.001045
520	0.000863
521	0.000825
522	0.000819
523	0.000918
524	0.001002
525	0.001031
526	0.001042
527	0.001025
528	0.000954
529	0.000847
530	0.000825
531	0.000825
532	0.000910
533	0.000965
534	0.000898
535	0.000846
536	0.000817
537	0.000806
538	0.000809
539	0.000918
540	0.001049
541	0.000904
542	0.000782
543	0.000745
544	0.000726
545	0.000730
546	0.000749
547	0.000776
548	0.000783
549	0.000786
550	0.000773
551	0.000746
552	0.000682
553	0.000717
554	0.000844
555	0.000861
556	0.000838
557	0.000854
558	0.000864
559	0.000831
560	0.000819
561	0.000837
562	0.000823
563	0.000791
564	0.000820
565	0.000862
566	0.000938
567	0.000929
568	0.000750
569	0.000736
570	0.000849
571	0.000883
572	0.000893
573	0.000788
574	0.000695
575	0.000634
576	0.000621
577	0.000652
578	0.000799
579	0.000977
580	0.000943
581	0.000879
582	0.000729
583	0.000653
584	0.000647
585	0.000656
586	0.000672
587	0.000765
588	0.000860
589	0.000956
590	0.000971
591	0.000916
592	0.000777
593	0.000626
594	0.000637
595	0.000651
596	0.000673
597	0.000688
598	0.000699
599	0.000693
600	0.000680
601	0.000640
602	0.000633
603	0.000677
604	0.000637
605	0.000555
606	0.000623
607	0.000660
608	0.000555
609	0.000531
610	0.000587
611	0.000738
612	0.000896
613	0.000789
614	0.000685
615	0.000586
616	0.000744
617	0.001047
618	0.000861
619	0.000693
620	0.000717
621	0.000706
622	0.000662
623	0.000738
624	0.000808
625	0.000605
626	0.000535
627	0.000653
628	0.000580
629	0.000438
630	0.000594
631	0.000700
632	0.000704
633	0.000731
634	0.000772
635	0.000754
636	0.000740
637	0.000743
638	0.000760
639	0.000788
640	0.000804
641	0.000816
642	0.000819
643	0.000773
644	0.000687
645	0.000657
646	0.000634
647	0.000611
648	0.000629
649	0.000683
650	0.000898
651	0.001028
652	0.000730
653	0.000609
654	0.000639
655	0.000657
656	0.000662
657	0.000625
658	0.000697
659	0.000851
660	0.000641
661	0.000502
662	0.000660
663	0.000872
664	0.001119
665	0.000896
666	0.000760
667	0.000837
668	0.001015
669	0.001216
670	0.000881
671	0.000755
672	0.000938
673	0.000878
674	0.000797
675	0.001028
676	0.001145
677	0.001149
678	0.000950
679	0.000798
680	0.000864
681	0.000841
682	0.000767
683	0.000787
684	0.000908
685	0.001186
686	0.001190
687	0.001132
688	0.001154
689	0.001012
690	0.000736
691	0.001040
692	0.001289
693	0.001363
694	0.001262
695	0.001134
696	0.001242
697	0.001268
698	0.001222
699	0.001010
700	0.000823
701	0.000703
702	0.000768
703	0.000898
704	0.001045
705	0.001151
706	0.001228
707	0.000820
708	0.000735
709	0.001123
710	0.001162
711	0.001055
712	0.000723
713	0.000823
714	0.001076
715	0.000909
716	0.000947
717	0.001159
718	0.001261
719	0.001289
720	0.001213
721	0.001300
722	0.001344
723	0.001209
724	0.001145
725	0.001156
726	0.001390
727	0.001332
728	0.001117
729	0.001101
730	0.001147
731	0.001248
732	0.001530
733	0.001607
734	0.001433
735	0.001294
736	0.001127
737	0.000908
738	0.000739
739	0.000727
740	0.001041
741	0.001260
742	0.001384
743	0.001307
744	0.001467
745	0.001612
746	0.001406
747	0.001337
748	0.001325
749	0.001313
750	0.001164
751	0.001026
752	0.001263
753	0.001118
754	0.000898
755	0.001280
756	0.001447
757	0.001493
758	0.001478
759	0.001349
760	0.001232
761	0.001434
762	0.001467
763	0.001434
764	0.001440
765	0.001447
766	0.001429
767	0.001335
768	0.001241
769	0.001249
770	0.001518
771	0.001535
772	0.001449
773	0.001276
774	0.001265
775	0.001334
776	0.001484
777	0.001850
778	0.001938
779	0.001735
780	0.001691
