Wavelength(nm)	PFD(umol m-2 s-1)
380	0.008059
381	0.009807
382	0.009755
383	0.009485
384	0.008455
385	0.007722
386	0.009003
387	0.009865
388	0.009441
389	0.008575
390	0.006941
391	0.006205
392	0.006433
393	0.006672
394	0.006917
395	0.007832
396	0.009010
397	0.008115
398	0.006824
399	0.008885
400	0.011042
401	0.012667
402	0.013882
403	0.013466
404	0.014007
405	0.016542
406	0.019409
407	0.022685
408	0.028052
409	0.035004
410	0.040745
411	0.045967
412	0.055815
413	0.066721
414	0.083615
415	0.101227
416	0.122760
417	0.146795
418	0.180656
419	0.217769
420	0.261461
421	0.313892
422	0.376834
423	0.451472
424	0.534608
425	0.637693
426	0.749125
427	0.889636
428	1.036073
429	1.224199
430	1.419644
431	1.660818
432	1.915012
433	2.207792
434	2.514558
435	2.843751
436	3.173119
437	3.502711
438	3.801540
439	4.083912
440	4.288150
441	4.470700
442	4.533926
443	4.579383
444	4.497708
445	4.396044
446	4.208524
447	3.997468
448	3.738242
449	3.467700
450	3.184192
451	2.910102
452	2.641809
453	2.402687
454	2.172919
455	1.980219
456	1.792625
457	1.639949
458	1.490436
459	1.358520
460	1.230482
461	1.111396
462	0.999378
463	0.895582
464	0.800025
465	0.709530
466	0.631753
467	0.557725
468	0.498507
469	0.441226
470	0.394662
471	0.350634
472	0.316371
473	0.284651
474	0.257394
475	0.231453
476	0.206706
477	0.186456
478	0.168289
479	0.150883
480	0.133567
481	0.119801
482	0.106596
483	0.096624
484	0.087463
485	0.080108
486	0.072879
487	0.065791
488	0.059614
489	0.053934
490	0.050280
491	0.047101
492	0.042742
493	0.038434
494	0.034725
495	0.031232
496	0.028242
497	0.026001
498	0.024575
499	0.022959
500	0.021238
501	0.019290
502	0.017289
503	0.017414
504	0.017119
505	0.014867
506	0.013329
507	0.013106
508	0.012325
509	0.011051
510	0.010311
511	0.009784
512	0.009944
513	0.010168
514	0.010201
515	0.010103
516	0.009639
517	0.008976
518	0.008069
519	0.007791
520	0.007872
521	0.007827
522	0.007753
523	0.007532
524	0.007400
525	0.007606
526	0.007179
527	0.005815
528	0.005779
529	0.006631
530	0.006520
531	0.006162
532	0.006809
533	0.007335
534	0.007352
535	0.006879
536	0.005664
537	0.005890
538	0.007069
539	0.006427
540	0.005375
541	0.005982
542	0.006179
543	0.004943
544	0.004511
545	0.005131
546	0.006194
547	0.007502
548	0.007456
549	0.007224
550	0.007412
551	0.007304
552	0.006481
553	0.006449
554	0.007173
555	0.006686
556	0.005758
557	0.005277
558	0.004928
559	0.005093
560	0.005324
561	0.005648
562	0.005725
563	0.005659
564	0.006232
565	0.006726
566	0.005548
567	0.004961
568	0.005572
569	0.005340
570	0.004460
571	0.003765
572	0.003138
573	0.003071
574	0.003518
575	0.005267
576	0.005606
577	0.004672
578	0.004741
579	0.005103
580	0.005036
581	0.005111
582	0.005580
583	0.005824
584	0.005857
585	0.006597
586	0.007487
587	0.005400
588	0.003922
589	0.004042
590	0.004314
591	0.004718
592	0.005122
593	0.005504
594	0.005510
595	0.005609
596	0.005905
597	0.005181
598	0.003734
599	0.003611
600	0.003788
601	0.004483
602	0.004404
603	0.003138
604	0.002992
605	0.003401
606	0.004855
607	0.005435
608	0.002735
609	0.002463
610	0.004604
611	0.004037
612	0.002931
613	0.004690
614	0.005797
615	0.005707
616	0.006214
617	0.007057
618	0.005182
619	0.003429
620	0.002806
621	0.003487
622	0.005389
623	0.006444
624	0.007034
625	0.005461
626	0.004323
627	0.003807
628	0.004686
629	0.006108
630	0.006799
631	0.006443
632	0.003928
633	0.004168
634	0.005990
635	0.004061
636	0.002495
637	0.002505
638	0.002514
639	0.002522
640	0.003265
641	0.003827
642	0.003489
643	0.004312
644	0.006093
645	0.004361
646	0.002976
647	0.004902
648	0.006005
649	0.006391
650	0.006474
651	0.006461
652	0.006248
653	0.006301
654	0.006581
655	0.004540
656	0.002800
657	0.003196
658	0.004544
659	0.006620
660	0.007313
661	0.006945
662	0.003966
663	0.003075
664	0.003493
665	0.004177
666	0.005183
667	0.006841
668	0.007301
669	0.007169
670	0.006234
671	0.006312
672	0.007876
673	0.007934
674	0.007504
675	0.006824
676	0.006284
677	0.005881
678	0.004074
679	0.003260
680	0.005898
681	0.005773
682	0.004108
683	0.008289
684	0.008728
685	0.003375
686	0.004315
687	0.006567
688	0.006295
689	0.005850
690	0.005263
691	0.007023
692	0.007657
693	0.005807
694	0.005682
695	0.006121
696	0.006147
697	0.004793
698	0.002229
699	0.003298
700	0.004618
701	0.005949
702	0.004433
703	0.002263
704	0.001605
705	0.002781
706	0.005315
707	0.005696
708	0.006133
709	0.006674
710	0.006360
711	0.005603
712	0.004060
713	0.005007
714	0.006901
715	0.006927
716	0.006949
717	0.006970
718	0.007509
719	0.007840
720	0.007849
721	0.007855
722	0.007285
723	0.005301
724	0.005701
725	0.006615
726	0.005897
727	0.004377
728	0.002760
729	0.005514
730	0.007202
731	0.007956
732	0.007257
733	0.006960
734	0.007171
735	0.006531
736	0.006663
737	0.008212
738	0.007187
739	0.005925
740	0.005181
741	0.006272
742	0.007042
743	0.005506
744	0.006017
745	0.006718
746	0.005552
747	0.005666
748	0.006125
749	0.005759
750	0.006101
751	0.006890
752	0.008224
753	0.010010
754	0.011714
755	0.011806
756	0.011453
757	0.010241
758	0.005822
759	0.004833
760	0.005907
761	0.008679
762	0.007664
763	0.005538
764	0.005794
765	0.008414
766	0.010568
767	0.008255
768	0.009553
769	0.010288
770	0.006734
771	0.009300
772	0.011869
773	0.011730
774	0.012472
775	0.011122
776	0.006609
777	0.006199
778	0.007563
779	0.010486
780	0.012181
