Wavelength(nm)	PFD(umol m-2 s-1)
380	0.009460
381	0.011073
382	0.009964
383	0.008563
384	0.008835
385	0.009220
386	0.010360
387	0.010829
388	0.009250
389	0.008102
390	0.007710
391	0.007592
392	0.007767
393	0.007960
394	0.008167
395	0.008976
396	0.010022
397	0.009265
398	0.008162
399	0.008917
400	0.009802
401	0.011264
402	0.012798
403	0.014597
404	0.016218
405	0.017460
406	0.019470
407	0.022428
408	0.027305
409	0.033634
410	0.039552
411	0.045305
412	0.056201
413	0.068273
414	0.083429
415	0.099409
416	0.122969
417	0.148517
418	0.181777
419	0.218600
420	0.262649
421	0.315478
422	0.378867
423	0.453727
424	0.536923
425	0.639668
426	0.750598
427	0.891027
428	1.037459
429	1.223473
430	1.416258
431	1.650746
432	1.896606
433	2.175931
434	2.468240
435	2.781346
436	3.090703
437	3.396506
438	3.670450
439	3.927281
440	4.109365
441	4.270660
442	4.319831
443	4.352377
444	4.267592
445	4.163949
446	3.979426
447	3.774483
448	3.527859
449	3.269901
450	2.998946
451	2.738959
452	2.485816
453	2.259968
454	2.042866
455	1.859936
456	1.681707
457	1.536102
458	1.393972
459	1.270800
460	1.151399
461	1.040677
462	0.935774
463	0.837646
464	0.747436
465	0.662092
466	0.589692
467	0.521129
468	0.465845
469	0.412417
470	0.370475
471	0.330631
472	0.298904
473	0.268612
474	0.240876
475	0.215990
476	0.193695
477	0.174695
478	0.157212
479	0.142237
480	0.127699
481	0.114199
482	0.101216
483	0.091273
484	0.082047
485	0.074425
486	0.067826
487	0.062352
488	0.057105
489	0.051977
490	0.047951
491	0.044177
492	0.040224
493	0.036469
494	0.034021
495	0.031511
496	0.028879
497	0.026378
498	0.024022
499	0.021649
500	0.019261
501	0.018906
502	0.018979
503	0.017341
504	0.015954
505	0.015764
506	0.015226
507	0.014052
508	0.012862
509	0.011659
510	0.010980
511	0.010511
512	0.009816
513	0.009230
514	0.010273
515	0.010649
516	0.009154
517	0.008451
518	0.008724
519	0.008829
520	0.008840
521	0.007993
522	0.007014
523	0.008804
524	0.010058
525	0.009277
526	0.008289
527	0.006994
528	0.006321
529	0.006060
530	0.007437
531	0.009235
532	0.007716
533	0.006689
534	0.007738
535	0.007961
536	0.006936
537	0.006540
538	0.006562
539	0.006579
540	0.006604
541	0.007157
542	0.007355
543	0.006317
544	0.005973
545	0.006540
546	0.006761
547	0.006791
548	0.006589
549	0.006390
550	0.006697
551	0.006677
552	0.005867
553	0.005192
554	0.004648
555	0.004717
556	0.005009
557	0.005844
558	0.006551
559	0.006561
560	0.006686
561	0.006981
562	0.007099
563	0.007116
564	0.005645
565	0.004107
566	0.004135
567	0.004752
568	0.006567
569	0.006874
570	0.006021
571	0.005394
572	0.004847
573	0.004876
574	0.005346
575	0.006930
576	0.006543
577	0.004372
578	0.004128
579	0.004455
580	0.004474
581	0.004920
582	0.006553
583	0.006695
584	0.005430
585	0.005921
586	0.006910
587	0.006285
588	0.005843
589	0.005883
590	0.005370
591	0.004376
592	0.004460
593	0.004803
594	0.004809
595	0.004925
596	0.005279
597	0.005428
598	0.005434
599	0.005444
600	0.005367
601	0.004678
602	0.004406
603	0.004772
604	0.004191
605	0.003139
606	0.004454
607	0.005673
608	0.006060
609	0.005713
610	0.004635
611	0.005858
612	0.007492
613	0.006032
614	0.005092
615	0.005103
616	0.005593
617	0.006351
618	0.006063
619	0.005951
620	0.006715
621	0.006502
622	0.005377
623	0.004559
624	0.003896
625	0.003910
626	0.004407
627	0.005591
628	0.004550
629	0.002708
630	0.005096
631	0.006458
632	0.005697
633	0.005440
634	0.005472
635	0.005112
636	0.004836
637	0.004855
638	0.003905
639	0.002256
640	0.004368
641	0.006232
642	0.005833
643	0.005662
644	0.005680
645	0.003831
646	0.002499
647	0.004233
648	0.005282
649	0.005738
650	0.005827
651	0.005407
652	0.003219
653	0.003433
654	0.005687
655	0.007178
656	0.007961
657	0.006634
658	0.006079
659	0.006113
660	0.008294
661	0.009815
662	0.008929
663	0.007737
664	0.006353
665	0.004939
666	0.004465
667	0.005956
668	0.007804
669	0.009691
670	0.008741
671	0.007985
672	0.007517
673	0.007042
674	0.006848
675	0.008409
676	0.008934
677	0.008456
678	0.007059
679	0.005931
680	0.005958
681	0.004982
682	0.003457
683	0.005079
684	0.006714
685	0.008366
686	0.009197
687	0.009253
688	0.006546
689	0.005042
690	0.004513
691	0.006095
692	0.006665
693	0.004999
694	0.004990
695	0.005509
696	0.005532
697	0.006799
698	0.009158
699	0.008240
700	0.007907
701	0.009119
702	0.007657
703	0.005593
704	0.005015
705	0.004781
706	0.004802
707	0.004824
708	0.005098
709	0.005737
710	0.005350
711	0.004592
712	0.003357
713	0.004258
714	0.005963
715	0.005985
716	0.006004
717	0.006022
718	0.006663
719	0.007056
720	0.007064
721	0.009266
722	0.010551
723	0.008603
724	0.009041
725	0.010001
726	0.009359
727	0.009541
728	0.010160
729	0.010187
730	0.009151
731	0.007184
732	0.006531
733	0.006188
734	0.006210
735	0.008094
736	0.008880
737	0.007552
738	0.008534
739	0.009297
740	0.008647
741	0.007437
742	0.006814
743	0.008273
744	0.009755
745	0.010612
746	0.009230
747	0.009386
748	0.009908
749	0.009241
750	0.009590
751	0.010031
752	0.008580
753	0.009170
754	0.010542
755	0.010625
756	0.010176
757	0.009981
758	0.012463
759	0.009511
760	0.005316
761	0.007811
762	0.009184
763	0.009883
764	0.009926
765	0.007545
766	0.005212
767	0.006089
768	0.008292
769	0.011185
770	0.014750
771	0.012645
772	0.010433
773	0.010529
774	0.011425
775	0.011682
776	0.010869
777	0.010923
778	0.012434
779	0.015023
780	0.008374
