Wavelength(nm)	PFD(umol m-2 s-1)
380	0.032010
381	0.035255
382	0.033134
383	0.030433
384	0.030645
385	0.030750
386	0.030138
387	0.029814
388	0.030375
389	0.030429
390	0.029599
391	0.029182
392	0.029207
393	0.030374
394	0.032302
395	0.031456
396	0.029529
397	0.032927
398	0.037350
399	0.038630
400	0.040107
401	0.045131
402	0.050665
403	0.058128
404	0.066959
405	0.078596
406	0.090926
407	0.104101
408	0.122208
409	0.144058
410	0.170841
411	0.199868
412	0.237816
413	0.277874
414	0.332096
415	0.388395
416	0.458098
417	0.532847
418	0.627029
419	0.727508
420	0.840579
421	0.966623
422	1.108225
423	1.268852
424	1.443356
425	1.648019
426	1.865434
427	2.118250
428	2.378584
429	2.702522
430	3.035825
431	3.422890
432	3.823470
433	4.262776
434	4.711328
435	5.173970
436	5.612227
437	6.027095
438	6.370379
439	6.674664
440	6.843832
441	6.974903
442	6.929435
443	6.858996
444	6.635881
445	6.389377
446	6.044396
447	5.680492
448	5.278837
449	4.876888
450	4.474896
451	4.099356
452	3.740711
453	3.418753
454	3.108496
455	2.849712
456	2.597636
457	2.380570
458	2.167434
459	1.976626
460	1.792699
461	1.624443
462	1.466426
463	1.320317
464	1.187621
465	1.063204
466	0.958410
467	0.859446
468	0.778227
469	0.699459
470	0.635969
471	0.575364
472	0.525992
473	0.479907
474	0.439608
475	0.402078
476	0.367062
477	0.336729
478	0.308543
479	0.286522
480	0.265630
481	0.251443
482	0.237486
483	0.224899
484	0.213495
485	0.204715
486	0.198240
487	0.194289
488	0.192499
489	0.191914
490	0.192266
491	0.192843
492	0.197829
493	0.202979
494	0.208317
495	0.215672
496	0.227494
497	0.238839
498	0.249662
499	0.261383
500	0.273604
501	0.287943
502	0.302775
503	0.318526
504	0.334449
505	0.350950
506	0.368206
507	0.386793
508	0.406182
509	0.426287
510	0.444256
511	0.461403
512	0.479225
513	0.496962
514	0.512149
515	0.528152
516	0.546342
517	0.562227
518	0.575266
519	0.589375
520	0.604118
521	0.616907
522	0.629290
523	0.640055
524	0.651536
525	0.665599
526	0.677307
527	0.685514
528	0.693828
529	0.702223
530	0.709359
531	0.716191
532	0.723031
533	0.729623
534	0.735136
535	0.740446
536	0.745440
537	0.751140
538	0.757313
539	0.762128
540	0.766605
541	0.769484
542	0.772192
543	0.774291
544	0.775529
545	0.775640
546	0.778449
547	0.782741
548	0.783916
549	0.784398
550	0.782669
551	0.782303
552	0.785238
553	0.786941
554	0.787470
555	0.784155
556	0.779432
557	0.780918
558	0.782185
559	0.781201
560	0.780420
561	0.779941
562	0.779242
563	0.778412
564	0.777004
565	0.775793
566	0.777304
567	0.777014
568	0.773075
569	0.769876
570	0.767241
571	0.766132
572	0.765398
573	0.764808
574	0.763227
575	0.759146
576	0.754572
577	0.749549
578	0.745547
579	0.741911
580	0.742494
581	0.741582
582	0.736530
583	0.733776
584	0.733188
585	0.728466
586	0.722531
587	0.719080
588	0.715465
589	0.711449
590	0.708918
591	0.707678
592	0.703958
593	0.699526
594	0.694102
595	0.690559
596	0.691025
597	0.690457
598	0.689154
599	0.687931
600	0.686585
601	0.684318
602	0.682872
603	0.682690
604	0.684379
605	0.686996
606	0.687670
607	0.689492
608	0.695720
609	0.703913
610	0.714058
611	0.722445
612	0.730815
613	0.745375
614	0.760653
615	0.777207
616	0.800063
617	0.826483
618	0.853771
619	0.881848
620	0.912262
621	0.950003
622	0.994598
623	1.043213
624	1.094633
625	1.160136
626	1.228003
627	1.299153
628	1.380744
629	1.466964
630	1.568344
631	1.677118
632	1.800792
633	1.938078
634	2.083359
635	2.252068
636	2.429600
637	2.627334
638	2.840277
639	3.064338
640	3.324611
641	3.595526
642	3.888027
643	4.207419
644	4.549134
645	4.923931
646	5.316182
647	5.755425
648	6.224388
649	6.719407
650	7.258626
651	7.818101
652	8.426765
653	9.053585
654	9.696099
655	10.345428
656	10.989344
657	11.607439
658	12.165590
659	12.678444
660	13.035201
661	13.312313
662	13.406040
663	13.326555
664	13.138315
665	12.686049
666	12.151215
667	11.463469
668	10.666840
669	9.814778
670	8.884841
671	7.962340
672	7.052044
673	6.203722
674	5.390348
675	4.687990
676	4.053412
677	3.484457
678	3.017877
679	2.588910
680	2.231356
681	1.925828
682	1.651011
683	1.438554
684	1.245833
685	1.083963
686	0.947504
687	0.823614
688	0.727715
689	0.645444
690	0.574190
691	0.517851
692	0.464037
693	0.413593
694	0.376379
695	0.344293
696	0.314656
697	0.289150
698	0.267258
699	0.245170
700	0.225253
701	0.209582
702	0.196444
703	0.185030
704	0.178276
705	0.171488
706	0.164671
707	0.155967
708	0.146676
709	0.136572
710	0.128911
711	0.123607
712	0.123799
713	0.120324
714	0.115727
715	0.116155
716	0.112741
717	0.106037
718	0.109242
719	0.108443
720	0.101456
721	0.096333
722	0.093016
723	0.093335
724	0.093719
725	0.092960
726	0.086859
727	0.084262
728	0.083880
729	0.085088
730	0.085940
731	0.086482
732	0.081515
733	0.078273
734	0.077207
735	0.075875
736	0.076956
737	0.082077
738	0.080823
739	0.078621
740	0.076924
741	0.073832
742	0.071379
743	0.071797
744	0.066924
745	0.061924
746	0.063058
747	0.064243
748	0.066454
749	0.072936
750	0.074402
751	0.073099
752	0.069866
753	0.069401
754	0.071358
755	0.078612
756	0.076436
757	0.071053
758	0.073913
759	0.069144
760	0.063782
761	0.073138
762	0.074268
763	0.070907
764	0.064523
765	0.066574
766	0.070741
767	0.071086
768	0.071502
769	0.072461
770	0.074729
771	0.068100
772	0.062127
773	0.061359
774	0.066149
775	0.068741
776	0.067083
777	0.068474
778	0.070266
779	0.071803
780	0.060775
