Wavelength(nm)	PFD(umol m-2 s-1)
380	0.004903
381	0.005063
382	0.005115
383	0.005159
384	0.005496
385	0.005731
386	0.005280
387	0.004955
388	0.005017
389	0.005138
390	0.005359
391	0.005335
392	0.005047
393	0.004853
394	0.004719
395	0.004439
396	0.004100
397	0.004148
398	0.004270
399	0.004079
400	0.003898
401	0.003975
402	0.004097
403	0.004398
404	0.004654
405	0.004818
406	0.004799
407	0.004554
408	0.004373
409	0.004239
410	0.004443
411	0.004795
412	0.004871
413	0.004886
414	0.004505
415	0.004132
416	0.004183
417	0.004227
418	0.004250
419	0.004170
420	0.003880
421	0.003847
422	0.004126
423	0.003993
424	0.003565
425	0.003670
426	0.003990
427	0.004041
428	0.004041
429	0.004222
430	0.004353
431	0.004024
432	0.003760
433	0.003701
434	0.003811
435	0.004202
436	0.004203
437	0.003828
438	0.003844
439	0.004077
440	0.003962
441	0.003747
442	0.003691
443	0.003654
444	0.003688
445	0.003734
446	0.003827
447	0.003896
448	0.003916
449	0.003953
450	0.004011
451	0.003770
452	0.003332
453	0.003219
454	0.003219
455	0.003375
456	0.003545
457	0.003544
458	0.003541
459	0.003530
460	0.003569
461	0.003718
462	0.003914
463	0.004163
464	0.004065
465	0.003747
466	0.003701
467	0.003740
468	0.003773
469	0.003810
470	0.003898
471	0.003950
472	0.003871
473	0.003812
474	0.003786
475	0.003714
476	0.003600
477	0.003591
478	0.003632
479	0.003568
480	0.003484
481	0.003888
482	0.004154
483	0.003657
484	0.003418
485	0.003744
486	0.003914
487	0.003913
488	0.003718
489	0.003416
490	0.003288
491	0.003202
492	0.003317
493	0.003410
494	0.003329
495	0.003365
496	0.003663
497	0.003802
498	0.003770
499	0.003798
500	0.003859
501	0.003929
502	0.004001
503	0.003919
504	0.003843
505	0.003799
506	0.003674
507	0.003399
508	0.003482
509	0.003880
510	0.003919
511	0.003813
512	0.003883
513	0.003940
514	0.003596
515	0.003424
516	0.003733
517	0.003979
518	0.004147
519	0.003956
520	0.003559
521	0.003457
522	0.003423
523	0.003700
524	0.003919
525	0.003915
526	0.003821
527	0.003596
528	0.003444
529	0.003342
530	0.003369
531	0.003429
532	0.003433
533	0.003426
534	0.003374
535	0.003320
536	0.003264
537	0.003260
538	0.003291
539	0.003552
540	0.003865
541	0.003942
542	0.003976
543	0.003866
544	0.003720
545	0.003528
546	0.003471
547	0.003486
548	0.003430
549	0.003368
550	0.003384
551	0.003450
552	0.003638
553	0.003894
554	0.004214
555	0.004160
556	0.003970
557	0.003884
558	0.003843
559	0.003982
560	0.004066
561	0.004072
562	0.004123
563	0.004200
564	0.004131
565	0.004019
566	0.003725
567	0.003728
568	0.004334
569	0.004482
570	0.004280
571	0.004109
572	0.003969
573	0.004331
574	0.004535
575	0.004337
576	0.004345
577	0.004537
578	0.004900
579	0.005297
580	0.004745
581	0.004497
582	0.005095
583	0.005414
584	0.005469
585	0.005885
586	0.006397
587	0.006280
588	0.006237
589	0.006385
590	0.006673
591	0.007085
592	0.007107
593	0.007056
594	0.007442
595	0.007986
596	0.008864
597	0.009520
598	0.010020
599	0.010575
600	0.011220
601	0.012433
602	0.013531
603	0.014453
604	0.015752
605	0.017240
606	0.018691
607	0.020337
608	0.022662
609	0.025178
610	0.027884
611	0.030344
612	0.032874
613	0.037219
614	0.041307
615	0.044914
616	0.049620
617	0.054948
618	0.061417
619	0.068087
620	0.075115
621	0.083533
622	0.093253
623	0.104703
624	0.116732
625	0.130021
626	0.144419
627	0.160381
628	0.178800
629	0.198295
630	0.220773
631	0.244777
632	0.271849
633	0.302569
634	0.335424
635	0.373332
636	0.413049
637	0.456850
638	0.505463
639	0.557577
640	0.618029
641	0.681817
642	0.753628
643	0.832547
644	0.917363
645	1.014001
646	1.115181
647	1.226818
648	1.344733
649	1.468158
650	1.597363
651	1.726714
652	1.852320
653	1.967323
654	2.073377
655	2.141820
656	2.193603
657	2.204729
658	2.183827
659	2.138496
660	2.045163
661	1.935870
662	1.794915
663	1.638834
664	1.473086
665	1.299871
666	1.131451
667	0.974046
668	0.834061
669	0.703177
670	0.598556
671	0.503360
672	0.422115
673	0.356804
674	0.298043
675	0.251191
676	0.210442
677	0.175602
678	0.148142
679	0.123766
680	0.105596
681	0.089992
682	0.075914
683	0.065856
684	0.056897
685	0.049655
686	0.043296
687	0.037420
688	0.032760
689	0.028915
690	0.025728
691	0.023513
692	0.021461
693	0.019624
694	0.018019
695	0.016540
696	0.015348
697	0.014488
698	0.013918
699	0.012516
700	0.011729
701	0.012236
702	0.012118
703	0.011678
704	0.010646
705	0.010179
706	0.010128
707	0.009415
708	0.008692
709	0.007962
710	0.008876
711	0.009607
712	0.008815
713	0.008919
714	0.009409
715	0.009592
716	0.009099
717	0.008026
718	0.009093
719	0.009433
720	0.008636
721	0.009249
722	0.009528
723	0.008361
724	0.008576
725	0.009177
726	0.009238
727	0.008755
728	0.008028
729	0.008204
730	0.008518
731	0.008953
732	0.008576
733	0.008828
734	0.009857
735	0.009745
736	0.009442
737	0.009002
738	0.009328
739	0.009560
740	0.009281
741	0.009130
742	0.009188
743	0.009740
744	0.010054
745	0.010286
746	0.010524
747	0.009921
748	0.009137
749	0.009092
750	0.009690
751	0.010565
752	0.011310
753	0.010772
754	0.009900
755	0.010655
756	0.010756
757	0.010717
758	0.011666
759	0.011771
760	0.011375
761	0.010594
762	0.010692
763	0.011190
764	0.011696
765	0.011878
766	0.012092
767	0.012816
768	0.012846
769	0.012523
770	0.011866
771	0.012212
772	0.012583
773	0.012560
774	0.012220
775	0.012131
776	0.012462
777	0.012446
778	0.012740
779	0.013343
780	0.013223
