Wavelength(nm)	PFD(umol m-2 s-1)
380	0.004903
381	0.005061
382	0.005114
383	0.005154
384	0.005116
385	0.005074
386	0.004997
387	0.004955
388	0.005019
389	0.005011
390	0.004875
391	0.004838
392	0.004906
393	0.004648
394	0.004174
395	0.004043
396	0.004044
397	0.004145
398	0.004265
399	0.004399
400	0.004531
401	0.004613
402	0.004598
403	0.004203
404	0.004103
405	0.004618
406	0.004793
407	0.004548
408	0.004366
409	0.004233
410	0.004436
411	0.004788
412	0.004579
413	0.004245
414	0.004174
415	0.004126
416	0.004176
417	0.004221
418	0.004243
419	0.004266
420	0.004291
421	0.004288
422	0.004251
423	0.004166
424	0.004045
425	0.004019
426	0.004032
427	0.004034
428	0.004034
429	0.004215
430	0.004413
431	0.004707
432	0.004766
433	0.004084
434	0.003685
435	0.003758
436	0.003926
437	0.004187
438	0.004021
439	0.003619
440	0.003609
441	0.003711
442	0.003966
443	0.004210
444	0.003934
445	0.003669
446	0.003458
447	0.003419
448	0.003744
449	0.003945
450	0.004002
451	0.003761
452	0.003323
453	0.003211
454	0.003210
455	0.003100
456	0.002979
457	0.002975
458	0.003022
459	0.003313
460	0.003560
461	0.003708
462	0.003756
463	0.003688
464	0.003661
465	0.003661
466	0.003691
467	0.003729
468	0.003763
469	0.003800
470	0.003887
471	0.003939
472	0.003860
473	0.003801
474	0.003775
475	0.003703
476	0.003588
477	0.003579
478	0.003621
479	0.003557
480	0.003473
481	0.003563
482	0.003613
483	0.003430
484	0.003407
485	0.003733
486	0.003757
487	0.003451
488	0.003343
489	0.003346
490	0.003277
491	0.003191
492	0.003306
493	0.003398
494	0.003317
495	0.003261
496	0.003260
497	0.003244
498	0.003211
499	0.003243
500	0.003310
501	0.003379
502	0.003449
503	0.003365
504	0.003288
505	0.003242
506	0.003224
507	0.003255
508	0.003317
509	0.003404
510	0.003353
511	0.003245
512	0.003032
513	0.002846
514	0.003132
515	0.003257
516	0.002928
517	0.002965
518	0.003451
519	0.003579
520	0.003503
521	0.003457
522	0.003417
523	0.003374
524	0.003406
525	0.003723
526	0.003692
527	0.003146
528	0.003058
529	0.003277
530	0.003369
531	0.003429
532	0.003433
533	0.003426
534	0.003374
535	0.003320
536	0.003264
537	0.003260
538	0.003291
539	0.003287
540	0.003281
541	0.003686
542	0.003902
543	0.003458
544	0.003268
545	0.003410
546	0.003471
547	0.003486
548	0.003724
549	0.003954
550	0.003627
551	0.003553
552	0.004090
553	0.004336
554	0.004307
555	0.004160
556	0.003970
557	0.003884
558	0.003843
559	0.003982
560	0.003921
561	0.003569
562	0.003489
563	0.003565
564	0.003806
565	0.004055
566	0.004128
567	0.004255
568	0.004493
569	0.004482
570	0.004280
571	0.004416
572	0.004609
573	0.004203
574	0.003854
575	0.003653
576	0.003864
577	0.004447
578	0.004594
579	0.004608
580	0.004453
581	0.004497
582	0.005095
583	0.005204
584	0.004851
585	0.005168
586	0.005685
587	0.005981
588	0.006237
589	0.006385
590	0.006673
591	0.007085
592	0.007107
593	0.007056
594	0.007442
595	0.007986
596	0.008864
597	0.009520
598	0.010020
599	0.010575
600	0.011220
601	0.012433
602	0.013531
603	0.014453
604	0.015454
605	0.016495
606	0.018768
607	0.021011
608	0.022886
609	0.024949
610	0.027198
611	0.030278
612	0.033600
613	0.037023
614	0.040678
615	0.044748
616	0.049620
617	0.054948
618	0.061417
619	0.068192
620	0.075689
621	0.084091
622	0.093341
623	0.103933
624	0.115174
625	0.128935
626	0.143608
627	0.159566
628	0.177634
629	0.196639
630	0.218620
631	0.242283
632	0.269341
633	0.299091
634	0.330426
635	0.367754
636	0.406938
637	0.450206
638	0.498583
639	0.550675
640	0.609706
641	0.672150
642	0.743410
643	0.821487
644	0.905222
645	0.999833
646	1.098843
647	1.208284
648	1.323987
649	1.445184
650	1.573036
651	1.701274
652	1.826191
653	1.940797
654	2.046703
655	2.117459
656	2.171904
657	2.185742
658	2.167908
659	2.125920
660	2.035975
661	1.930254
662	1.793353
663	1.639561
664	1.474998
665	1.302988
666	1.135195
667	0.977207
668	0.836215
669	0.704098
670	0.597633
671	0.501588
672	0.420957
673	0.355783
674	0.297105
675	0.250882
676	0.210442
677	0.175602
678	0.148142
679	0.123599
680	0.104776
681	0.088928
682	0.074852
683	0.065454
684	0.056632
685	0.048716
686	0.042731
687	0.037533
688	0.033561
689	0.029644
690	0.025767
691	0.023513
692	0.021461
693	0.019624
694	0.018019
695	0.016540
696	0.015348
697	0.014488
698	0.013918
699	0.013203
700	0.012394
701	0.011425
702	0.010937
703	0.010615
704	0.010329
705	0.010179
706	0.010128
707	0.009415
708	0.009008
709	0.009049
710	0.009452
711	0.009806
712	0.009797
713	0.009082
714	0.008167
715	0.008346
716	0.008712
717	0.009238
718	0.008784
719	0.008504
720	0.008513
721	0.008562
722	0.008500
723	0.008144
724	0.007980
725	0.007913
726	0.007972
727	0.007488
728	0.006825
729	0.007821
730	0.008518
731	0.008953
732	0.008576
733	0.008449
734	0.008637
735	0.008446
736	0.008459
737	0.008870
738	0.008600
739	0.008512
740	0.009097
741	0.009130
742	0.009188
743	0.009740
744	0.010054
745	0.010085
746	0.009415
747	0.009831
748	0.010532
749	0.010499
750	0.010465
751	0.010401
752	0.010187
753	0.010613
754	0.011044
755	0.009839
756	0.009931
757	0.010551
758	0.010491
759	0.010939
760	0.011558
761	0.011806
762	0.011515
763	0.011190
764	0.011696
765	0.011878
766	0.012092
767	0.012816
768	0.012028
769	0.011242
770	0.011664
771	0.012212
772	0.012583
773	0.012560
774	0.012220
775	0.012131
776	0.012462
777	0.011327
778	0.011019
779	0.011607
780	0.011472
