Wavelength(nm)	PFD(umol m-2 s-1)
380	0.002032
381	0.001962
382	0.002111
383	0.002283
384	0.002285
385	0.002280
386	0.002234
387	0.002187
388	0.002140
389	0.002069
390	0.001954
391	0.001894
392	0.001892
393	0.001849
394	0.001778
395	0.001796
396	0.001847
397	0.001866
398	0.001877
399	0.001774
400	0.001683
401	0.001788
402	0.001862
403	0.001810
404	0.001789
405	0.001832
406	0.001874
407	0.001914
408	0.001945
409	0.001970
410	0.001974
411	0.001970
412	0.001946
413	0.001918
414	0.001984
415	0.002047
416	0.001991
417	0.001943
418	0.001923
419	0.001859
420	0.001703
421	0.001679
422	0.001815
423	0.001882
424	0.001898
425	0.001771
426	0.001586
427	0.001613
428	0.001681
429	0.001774
430	0.001843
431	0.001716
432	0.001620
433	0.001629
434	0.001637
435	0.001643
436	0.001657
437	0.001679
438	0.001752
439	0.001855
440	0.001774
441	0.001641
442	0.001609
443	0.001590
444	0.001647
445	0.001677
446	0.001587
447	0.001518
448	0.001491
449	0.001494
450	0.001534
451	0.001623
452	0.001744
453	0.001682
454	0.001557
455	0.001622
456	0.001706
457	0.001615
458	0.001556
459	0.001656
460	0.001702
461	0.001635
462	0.001586
463	0.001557
464	0.001573
465	0.001616
466	0.001628
467	0.001628
468	0.001660
469	0.001693
470	0.001702
471	0.001709
472	0.001703
473	0.001661
474	0.001558
475	0.001555
476	0.001643
477	0.001689
478	0.001715
479	0.001663
480	0.001595
481	0.001569
482	0.001560
483	0.001644
484	0.001666
485	0.001555
486	0.001489
487	0.001475
488	0.001495
489	0.001534
490	0.001469
491	0.001378
492	0.001435
493	0.001507
494	0.001641
495	0.001698
496	0.001579
497	0.001544
498	0.001599
499	0.001586
500	0.001538
501	0.001534
502	0.001540
503	0.001505
504	0.001499
505	0.001625
506	0.001671
507	0.001569
508	0.001585
509	0.001706
510	0.001646
511	0.001513
512	0.001528
513	0.001558
514	0.001556
515	0.001573
516	0.001640
517	0.001676
518	0.001672
519	0.001546
520	0.001351
521	0.001410
522	0.001521
523	0.001520
524	0.001553
525	0.001713
526	0.001777
527	0.001697
528	0.001613
529	0.001528
530	0.001539
531	0.001574
532	0.001534
533	0.001503
534	0.001514
535	0.001512
536	0.001493
537	0.001502
538	0.001528
539	0.001536
540	0.001542
541	0.001664
542	0.001753
543	0.001730
544	0.001747
545	0.001814
546	0.001805
547	0.001754
548	0.001650
549	0.001555
550	0.001653
551	0.001761
552	0.001890
553	0.001862
554	0.001683
555	0.001570
556	0.001480
557	0.001657
558	0.001788
559	0.001650
560	0.001578
561	0.001604
562	0.001726
563	0.001904
564	0.001915
565	0.001904
566	0.001916
567	0.001924
568	0.001921
569	0.001918
570	0.001915
571	0.001932
572	0.001956
573	0.002053
574	0.002084
575	0.001948
576	0.001916
577	0.001977
578	0.001936
579	0.001868
580	0.001990
581	0.002073
582	0.002046
583	0.002122
584	0.002295
585	0.002340
586	0.002346
587	0.002388
588	0.002498
589	0.002784
590	0.002826
591	0.002654
592	0.002651
593	0.002706
594	0.003013
595	0.003259
596	0.003378
597	0.003558
598	0.003782
599	0.004058
600	0.004337
601	0.004572
602	0.004926
603	0.005465
604	0.005863
605	0.006191
606	0.006878
607	0.007576
608	0.008236
609	0.008977
610	0.009799
611	0.010921
612	0.012122
613	0.013245
614	0.014493
615	0.015965
616	0.017694
617	0.019568
618	0.021728
619	0.024022
620	0.026689
621	0.029632
622	0.032833
623	0.036683
624	0.040771
625	0.045496
626	0.050510
627	0.055932
628	0.062444
629	0.069415
630	0.076963
631	0.085162
632	0.094677
633	0.105390
634	0.116806
635	0.129744
636	0.143460
637	0.159046
638	0.176024
639	0.194017
640	0.214970
641	0.237116
642	0.262143
643	0.289522
644	0.318854
645	0.352081
646	0.386896
647	0.425500
648	0.466433
649	0.509408
650	0.554462
651	0.599789
652	0.644639
653	0.685887
654	0.724096
655	0.750646
656	0.771496
657	0.777858
658	0.773112
659	0.759895
660	0.729897
661	0.694123
662	0.646722
663	0.593334
664	0.536128
665	0.475694
666	0.416386
667	0.359825
668	0.309176
669	0.261639
670	0.223636
671	0.188839
672	0.158793
673	0.134333
674	0.112310
675	0.095354
676	0.080327
677	0.067167
678	0.057066
679	0.047970
680	0.040645
681	0.034577
682	0.029253
683	0.025379
684	0.021970
685	0.019286
686	0.016865
687	0.014674
688	0.013285
689	0.011899
690	0.010513
691	0.009362
692	0.008491
693	0.008146
694	0.007216
695	0.006196
696	0.005985
697	0.005610
698	0.005093
699	0.004958
700	0.004831
701	0.004671
702	0.004547
703	0.004393
704	0.004031
705	0.004012
706	0.004245
707	0.004050
708	0.003939
709	0.003957
710	0.003961
711	0.003865
712	0.003485
713	0.003466
714	0.003609
715	0.003674
716	0.003663
717	0.003586
718	0.003679
719	0.003832
720	0.004067
721	0.003879
722	0.003608
723	0.003323
724	0.003406
725	0.003582
726	0.003568
727	0.003566
728	0.003577
729	0.003640
730	0.003568
731	0.003376
732	0.003623
733	0.003768
734	0.003781
735	0.003746
736	0.003657
737	0.003485
738	0.003598
739	0.003675
740	0.003560
741	0.003519
742	0.003571
743	0.003825
744	0.003866
745	0.003795
746	0.003601
747	0.003776
748	0.004049
749	0.004081
750	0.004099
751	0.004112
752	0.004124
753	0.004193
754	0.004258
755	0.004162
756	0.004149
757	0.004204
758	0.004385
759	0.004627
760	0.004803
761	0.004533
762	0.004351
763	0.004256
764	0.004343
765	0.004432
766	0.004573
767	0.004876
768	0.004612
769	0.004338
770	0.004489
771	0.004823
772	0.005103
773	0.005200
774	0.005319
775	0.005244
776	0.004888
777	0.004815
778	0.004883
779	0.005079
780	0.005172
