Wavelength(nm)	PFD(umol m-2 s-1)
380	0.001741
381	0.001877
382	0.001861
383	0.001829
384	0.001921
385	0.001994
386	0.001934
387	0.001888
388	0.001885
389	0.001924
390	0.002038
391	0.002069
392	0.002011
393	0.001941
394	0.001862
395	0.001898
396	0.001979
397	0.001927
398	0.001850
399	0.001964
400	0.002108
401	0.002500
402	0.002838
403	0.002955
404	0.003227
405	0.003819
406	0.004518
407	0.005349
408	0.006090
409	0.006763
410	0.008181
411	0.009931
412	0.012103
413	0.014377
414	0.017701
415	0.021206
416	0.026104
417	0.031319
418	0.037752
419	0.045042
420	0.054077
421	0.064527
422	0.076678
423	0.091202
424	0.107448
425	0.127899
426	0.150105
427	0.179181
428	0.209642
429	0.251412
430	0.295204
431	0.352001
432	0.412421
433	0.483678
434	0.558327
435	0.638417
436	0.716606
437	0.792979
438	0.856591
439	0.913256
440	0.945522
441	0.970916
442	0.964511
443	0.953600
444	0.914863
445	0.872196
446	0.812988
447	0.751748
448	0.686567
449	0.623323
450	0.562383
451	0.508267
452	0.458576
453	0.417454
454	0.379165
455	0.347683
456	0.317088
457	0.290839
458	0.264799
459	0.240194
460	0.216172
461	0.193520
462	0.172146
463	0.152258
464	0.134675
465	0.118524
466	0.105221
467	0.092770
468	0.083406
469	0.074435
470	0.067375
471	0.060550
472	0.054656
473	0.049210
474	0.044549
475	0.040002
476	0.035557
477	0.031795
478	0.028349
479	0.025331
480	0.022388
481	0.020320
482	0.018231
483	0.016043
484	0.014191
485	0.013076
486	0.011837
487	0.010463
488	0.009703
489	0.009287
490	0.008466
491	0.007547
492	0.007146
493	0.006711
494	0.005986
495	0.005368
496	0.004991
497	0.004679
498	0.004438
499	0.004008
500	0.003475
501	0.003220
502	0.003023
503	0.003020
504	0.003040
505	0.003170
506	0.003126
507	0.002763
508	0.002511
509	0.002356
510	0.002113
511	0.001834
512	0.002054
513	0.002292
514	0.002038
515	0.001768
516	0.001455
517	0.001452
518	0.001831
519	0.001765
520	0.001446
521	0.001576
522	0.001796
523	0.001780
524	0.001720
525	0.001495
526	0.001405
527	0.001515
528	0.001491
529	0.001379
530	0.001612
531	0.001933
532	0.001713
533	0.001517
534	0.001422
535	0.001276
536	0.001052
537	0.001076
538	0.001264
539	0.001337
540	0.001383
541	0.001388
542	0.001422
543	0.001557
544	0.001581
545	0.001457
546	0.001389
547	0.001351
548	0.001338
549	0.001346
550	0.001548
551	0.001671
552	0.001602
553	0.001547
554	0.001506
555	0.001509
556	0.001527
557	0.001384
558	0.001279
559	0.001390
560	0.001456
561	0.001458
562	0.001441
563	0.001413
564	0.001402
565	0.001400
566	0.001457
567	0.001525
568	0.001616
569	0.001561
570	0.001392
571	0.001260
572	0.001141
573	0.001131
574	0.001178
575	0.001370
576	0.001483
577	0.001524
578	0.001538
579	0.001543
580	0.001515
581	0.001505
582	0.001546
583	0.001626
584	0.001741
585	0.001749
586	0.001716
587	0.001346
588	0.001100
589	0.001181
590	0.001193
591	0.001144
592	0.001078
593	0.001011
594	0.000993
595	0.000981
596	0.000982
597	0.000994
598	0.001015
599	0.001084
600	0.001150
601	0.001134
602	0.001248
603	0.001559
604	0.001420
605	0.001058
606	0.001172
607	0.001266
608	0.001192
609	0.001088
610	0.000952
611	0.001223
612	0.001569
613	0.001393
614	0.001294
615	0.001338
616	0.001198
617	0.000956
618	0.000998
619	0.001029
620	0.000949
621	0.000922
622	0.000944
623	0.001085
624	0.001256
625	0.001449
626	0.001452
627	0.001186
628	0.001160
629	0.001222
630	0.000884
631	0.000743
632	0.001008
633	0.001333
634	0.001692
635	0.001465
636	0.001324
637	0.001509
638	0.001431
639	0.001165
640	0.001225
641	0.001278
642	0.001191
643	0.001306
644	0.001587
645	0.001464
646	0.001284
647	0.001102
648	0.001297
649	0.001822
650	0.001506
651	0.001169
652	0.001248
653	0.001261
654	0.001218
655	0.001219
656	0.001309
657	0.001688
658	0.001687
659	0.001396
660	0.001310
661	0.001235
662	0.001140
663	0.001187
664	0.001325
665	0.001617
666	0.001752
667	0.001549
668	0.001271
669	0.000988
670	0.001399
671	0.001602
672	0.001500
673	0.001396
674	0.001296
675	0.001217
676	0.001238
677	0.001355
678	0.001275
679	0.001226
680	0.001346
681	0.001376
682	0.001355
683	0.001391
684	0.001415
685	0.001422
686	0.001684
687	0.001936
688	0.001767
689	0.001545
690	0.001282
691	0.001619
692	0.001744
693	0.001383
694	0.001200
695	0.001114
696	0.001245
697	0.001359
698	0.001460
699	0.001771
700	0.001756
701	0.001088
702	0.001119
703	0.001404
704	0.001801
705	0.001956
706	0.001931
707	0.001940
708	0.001729
709	0.001201
710	0.001874
711	0.002397
712	0.001760
713	0.001397
714	0.001248
715	0.001806
716	0.002104
717	0.002180
718	0.002119
719	0.001852
720	0.001292
721	0.001804
722	0.002286
723	0.002215
724	0.002094
725	0.001865
726	0.001228
727	0.001350
728	0.001877
729	0.001882
730	0.001733
731	0.001449
732	0.001956
733	0.002258
734	0.002303
735	0.002282
736	0.002073
737	0.001562
738	0.001741
739	0.001894
740	0.001715
741	0.001954
742	0.002015
743	0.001255
744	0.001525
745	0.001942
746	0.001599
747	0.001872
748	0.002298
749	0.002276
750	0.002198
751	0.002170
752	0.002521
753	0.002625
754	0.002541
755	0.002132
756	0.001975
757	0.002061
758	0.002732
759	0.002757
760	0.002518
761	0.002530
762	0.002386
763	0.002234
764	0.002335
765	0.002371
766	0.002470
767	0.002852
768	0.002922
769	0.002800
770	0.002441
771	0.002546
772	0.002643
773	0.002521
774	0.002440
775	0.002363
776	0.002285
777	0.002106
778	0.002380
779	0.003082
780	0.002739
