Wavelength(nm)	PFD(umol m-2 s-1)
380	0.007771
381	0.007953
382	0.007678
383	0.007353
384	0.007255
385	0.007161
386	0.007093
387	0.006961
388	0.006636
389	0.006370
390	0.006211
391	0.006333
392	0.006757
393	0.006604
394	0.006067
395	0.006167
396	0.006515
397	0.006719
398	0.006897
399	0.006693
400	0.006525
401	0.006961
402	0.007388
403	0.007770
404	0.008356
405	0.009364
406	0.010342
407	0.011281
408	0.012265
409	0.013284
410	0.015456
411	0.018142
412	0.021061
413	0.024042
414	0.028117
415	0.032396
416	0.038291
417	0.044701
418	0.053111
419	0.062399
420	0.073467
421	0.086160
422	0.100804
423	0.118034
424	0.137145
425	0.160869
426	0.186524
427	0.218186
428	0.251082
429	0.295181
430	0.341111
431	0.398421
432	0.459309
433	0.530892
434	0.607549
435	0.692446
436	0.778903
437	0.866878
438	0.948477
439	1.026706
440	1.084400
441	1.136407
442	1.156203
443	1.171280
444	1.153333
445	1.129690
446	1.081502
447	1.026908
448	0.959187
449	0.888262
450	0.813662
451	0.741943
452	0.672017
453	0.610761
454	0.552315
455	0.504073
456	0.457231
457	0.419215
458	0.381959
459	0.348957
460	0.317075
461	0.287755
462	0.259981
463	0.234007
464	0.210068
465	0.187380
466	0.168139
467	0.149921
468	0.134826
469	0.120232
470	0.109396
471	0.099088
472	0.090822
473	0.083025
474	0.076054
475	0.069724
476	0.063977
477	0.058822
478	0.053936
479	0.050150
480	0.046565
481	0.043941
482	0.041274
483	0.038396
484	0.036147
485	0.035272
486	0.034429
487	0.033620
488	0.033452
489	0.033642
490	0.033791
491	0.033930
492	0.034928
493	0.036022
494	0.037534
495	0.039281
496	0.041544
497	0.043687
498	0.045700
499	0.047947
500	0.050323
501	0.053142
502	0.056065
503	0.059459
504	0.062828
505	0.066025
506	0.069274
507	0.072605
508	0.076141
509	0.079858
510	0.083178
511	0.086344
512	0.089457
513	0.092594
514	0.095992
515	0.099225
516	0.101971
517	0.104904
518	0.108064
519	0.110597
520	0.112775
521	0.115444
522	0.118206
523	0.120141
524	0.122014
525	0.123638
526	0.125288
527	0.126976
528	0.128804
529	0.130728
530	0.131984
531	0.133073
532	0.134285
533	0.135453
534	0.136425
535	0.137210
536	0.137709
537	0.138632
538	0.139837
539	0.140314
540	0.140629
541	0.141587
542	0.142338
543	0.142369
544	0.142583
545	0.143036
546	0.143387
547	0.143682
548	0.143598
549	0.143488
550	0.143820
551	0.144158
552	0.144510
553	0.144523
554	0.144212
555	0.143917
556	0.143627
557	0.143367
558	0.143143
559	0.143082
560	0.142967
561	0.142775
562	0.143000
563	0.143467
564	0.143347
565	0.143095
566	0.142465
567	0.142181
568	0.142599
569	0.142535
570	0.142100
571	0.141946
572	0.141841
573	0.141351
574	0.140751
575	0.139878
576	0.139258
577	0.138866
578	0.138835
579	0.138893
580	0.137919
581	0.136951
582	0.136008
583	0.135467
584	0.135305
585	0.134997
586	0.134625
587	0.133437
588	0.132473
589	0.132103
590	0.131564
591	0.130878
592	0.129958
593	0.129008
594	0.128586
595	0.128194
596	0.127869
597	0.127312
598	0.126590
599	0.125961
600	0.125443
601	0.125613
602	0.125665
603	0.125535
604	0.125612
605	0.125791
606	0.126300
607	0.126827
608	0.127345
609	0.128272
610	0.129606
611	0.131399
612	0.133361
613	0.135862
614	0.138619
615	0.141841
616	0.145532
617	0.149490
618	0.155152
619	0.161297
620	0.168650
621	0.176487
622	0.184780
623	0.194996
624	0.205909
625	0.218672
626	0.232956
627	0.249390
628	0.268092
629	0.287799
630	0.310784
631	0.335457
632	0.363531
633	0.394893
634	0.428183
635	0.466961
636	0.508141
637	0.554991
638	0.606788
639	0.662186
640	0.725214
641	0.791739
642	0.867092
643	0.950575
644	1.040801
645	1.144058
646	1.252070
647	1.370648
648	1.496094
649	1.627567
650	1.765395
651	1.903971
652	2.040750
653	2.166160
654	2.281976
655	2.361141
656	2.422729
657	2.439971
658	2.423380
659	2.380989
660	2.284058
661	2.169909
662	2.022289
663	1.856921
664	1.680232
665	1.492744
666	1.308990
667	1.134307
668	0.978384
669	0.832193
670	0.712915
671	0.604567
672	0.512396
673	0.436708
674	0.368302
675	0.315430
676	0.268905
677	0.228526
678	0.196908
679	0.168215
680	0.144740
681	0.125866
682	0.109707
683	0.098069
684	0.087325
685	0.077982
686	0.070737
687	0.064368
688	0.059449
689	0.054926
690	0.050723
691	0.046883
692	0.043437
693	0.040733
694	0.038268
695	0.035932
696	0.033897
697	0.032627
698	0.032026
699	0.030637
700	0.029045
701	0.027170
702	0.026473
703	0.026039
704	0.024954
705	0.024464
706	0.024413
707	0.022851
708	0.021961
709	0.022061
710	0.021848
711	0.021650
712	0.021684
713	0.020976
714	0.020056
715	0.020295
716	0.020229
717	0.019903
718	0.019456
719	0.019198
720	0.019219
721	0.019280
722	0.019199
723	0.018751
724	0.017903
725	0.017111
726	0.017242
727	0.017308
728	0.017278
729	0.016585
730	0.016526
731	0.017024
732	0.016578
733	0.016432
734	0.016665
735	0.016485
736	0.016553
737	0.017097
738	0.016035
739	0.014994
740	0.014649
741	0.015301
742	0.015894
743	0.015560
744	0.015681
745	0.015731
746	0.014959
747	0.014763
748	0.014785
749	0.014708
750	0.015429
751	0.016306
752	0.016109
753	0.015860
754	0.015615
755	0.015534
756	0.015308
757	0.015220
758	0.016219
759	0.016378
760	0.016220
761	0.016511
762	0.016156
763	0.015784
764	0.016501
765	0.016758
766	0.016732
767	0.016373
768	0.016081
769	0.015685
770	0.014973
771	0.015369
772	0.016246
773	0.017555
774	0.017238
775	0.016621
776	0.015903
777	0.017085
778	0.017363
779	0.016643
780	0.016608
