Wavelength(nm)	PFD(umol m-2 s-1)
380	0.000702
381	0.000704
382	0.000702
383	0.000699
384	0.000701
385	0.000702
386	0.000693
387	0.000684
388	0.000678
389	0.000664
390	0.000635
391	0.000626
392	0.000637
393	0.000628
394	0.000608
395	0.000613
396	0.000629
397	0.000630
398	0.000629
399	0.000645
400	0.000660
401	0.000666
402	0.000671
403	0.000678
404	0.000693
405	0.000729
406	0.000766
407	0.000805
408	0.000851
409	0.000903
410	0.000974
411	0.001054
412	0.001156
413	0.001263
414	0.001427
415	0.001601
416	0.001838
417	0.002092
418	0.002412
419	0.002770
420	0.003204
421	0.003700
422	0.004269
423	0.004943
424	0.005692
425	0.006608
426	0.007595
427	0.008825
428	0.010104
429	0.011813
430	0.013600
431	0.015895
432	0.018353
433	0.021304
434	0.024503
435	0.028107
436	0.031806
437	0.035597
438	0.039161
439	0.042607
440	0.045172
441	0.047494
442	0.048396
443	0.049089
444	0.048310
445	0.047280
446	0.045168
447	0.042786
448	0.039851
449	0.036789
450	0.033580
451	0.030572
452	0.027691
453	0.025192
454	0.022819
455	0.020903
456	0.019048
457	0.017507
458	0.016002
459	0.014690
460	0.013406
461	0.012189
462	0.011031
463	0.009942
464	0.008942
465	0.007995
466	0.007205
467	0.006461
468	0.005851
469	0.005261
470	0.004821
471	0.004401
472	0.004059
473	0.003744
474	0.003474
475	0.003221
476	0.002981
477	0.002770
478	0.002572
479	0.002417
480	0.002270
481	0.002161
482	0.002055
483	0.001965
484	0.001890
485	0.001848
486	0.001818
487	0.001802
488	0.001799
489	0.001802
490	0.001831
491	0.001865
492	0.001921
493	0.001979
494	0.002054
495	0.002137
496	0.002241
497	0.002354
498	0.002478
499	0.002611
500	0.002750
501	0.002891
502	0.003034
503	0.003220
504	0.003401
505	0.003555
506	0.003722
507	0.003911
508	0.004099
509	0.004287
510	0.004468
511	0.004648
512	0.004821
513	0.004991
514	0.005148
515	0.005302
516	0.005447
517	0.005597
518	0.005754
519	0.005883
520	0.005998
521	0.006131
522	0.006268
523	0.006380
524	0.006492
525	0.006596
526	0.006686
527	0.006753
528	0.006827
529	0.006907
530	0.006962
531	0.007010
532	0.007077
533	0.007139
534	0.007180
535	0.007221
536	0.007260
537	0.007300
538	0.007341
539	0.007375
540	0.007409
541	0.007421
542	0.007437
543	0.007464
544	0.007487
545	0.007507
546	0.007505
547	0.007491
548	0.007499
549	0.007511
550	0.007528
551	0.007537
552	0.007528
553	0.007513
554	0.007492
555	0.007504
556	0.007528
557	0.007509
558	0.007493
559	0.007496
560	0.007496
561	0.007491
562	0.007473
563	0.007447
564	0.007453
565	0.007462
566	0.007448
567	0.007432
568	0.007414
569	0.007402
570	0.007396
571	0.007368
572	0.007336
573	0.007344
574	0.007339
575	0.007301
576	0.007272
577	0.007251
578	0.007206
579	0.007155
580	0.007160
581	0.007155
582	0.007124
583	0.007088
584	0.007048
585	0.007022
586	0.006999
587	0.006955
588	0.006919
589	0.006903
590	0.006875
591	0.006835
592	0.006812
593	0.006792
594	0.006724
595	0.006668
596	0.006638
597	0.006608
598	0.006577
599	0.006567
600	0.006558
601	0.006543
602	0.006528
603	0.006513
604	0.006514
605	0.006523
606	0.006531
607	0.006545
608	0.006583
609	0.006619
610	0.006651
611	0.006706
612	0.006768
613	0.006823
614	0.006909
615	0.007051
616	0.007198
617	0.007348
618	0.007570
619	0.007810
620	0.008089
621	0.008391
622	0.008713
623	0.009122
624	0.009563
625	0.010098
626	0.010664
627	0.011273
628	0.012015
629	0.012814
630	0.013722
631	0.014698
632	0.015812
633	0.017063
634	0.018395
635	0.019978
636	0.021641
637	0.023480
638	0.025522
639	0.027711
640	0.030249
641	0.032938
642	0.036008
643	0.039357
644	0.042938
645	0.047042
646	0.051339
647	0.056063
648	0.061065
649	0.066309
650	0.071797
651	0.077303
652	0.082696
653	0.087630
654	0.092176
655	0.095132
656	0.097388
657	0.097943
658	0.097098
659	0.095187
660	0.091229
661	0.086576
662	0.080533
663	0.073839
664	0.066728
665	0.059227
666	0.051913
667	0.045034
668	0.038897
669	0.033149
670	0.028577
671	0.024386
672	0.020760
673	0.017837
674	0.015201
675	0.013079
676	0.011249
677	0.009702
678	0.008524
679	0.007460
680	0.006589
681	0.005840
682	0.005165
683	0.004666
684	0.004223
685	0.003871
686	0.003584
687	0.003326
688	0.003123
689	0.002946
690	0.002789
691	0.002691
692	0.002576
693	0.002419
694	0.002310
695	0.002229
696	0.002206
697	0.002163
698	0.002102
699	0.002015
700	0.001954
701	0.001946
702	0.001912
703	0.001876
704	0.001867
705	0.001830
706	0.001772
707	0.001746
708	0.001731
709	0.001730
710	0.001708
711	0.001677
712	0.001630
713	0.001626
714	0.001637
715	0.001591
716	0.001572
717	0.001576
718	0.001546
719	0.001528
720	0.001530
721	0.001531
722	0.001529
723	0.001520
724	0.001493
725	0.001469
726	0.001498
727	0.001482
728	0.001444
729	0.001456
730	0.001479
731	0.001510
732	0.001507
733	0.001490
734	0.001459
735	0.001479
736	0.001469
737	0.001400
738	0.001434
739	0.001458
740	0.001417
741	0.001435
742	0.001450
743	0.001413
744	0.001460
745	0.001512
746	0.001472
747	0.001454
748	0.001450
749	0.001472
750	0.001515
751	0.001553
752	0.001513
753	0.001508
754	0.001522
755	0.001547
756	0.001547
757	0.001537
758	0.001547
759	0.001548
760	0.001554
761	0.001595
762	0.001566
763	0.001525
764	0.001566
765	0.001558
766	0.001539
767	0.001546
768	0.001564
769	0.001579
770	0.001579
771	0.001559
772	0.001549
773	0.001563
774	0.001556
775	0.001561
776	0.001588
777	0.001640
778	0.001661
779	0.001651
780	0.001677
