Wavelength(nm)	PFD(umol m-2 s-1)
380	0.000740
381	0.000741
382	0.000722
383	0.000700
384	0.000720
385	0.000738
386	0.000746
387	0.000746
388	0.000723
389	0.000703
390	0.000688
391	0.000679
392	0.000675
393	0.000660
394	0.000637
395	0.000630
396	0.000631
397	0.000630
398	0.000629
399	0.000649
400	0.000669
401	0.000671
402	0.000682
403	0.000722
404	0.000769
405	0.000830
406	0.000874
407	0.000899
408	0.000941
409	0.000998
410	0.001089
411	0.001197
412	0.001343
413	0.001499
414	0.001698
415	0.001909
416	0.002223
417	0.002556
418	0.002959
419	0.003420
420	0.003999
421	0.004665
422	0.005435
423	0.006341
424	0.007346
425	0.008579
426	0.009908
427	0.011574
428	0.013308
429	0.015653
430	0.018104
431	0.021236
432	0.024590
433	0.028614
434	0.032960
435	0.037831
436	0.042815
437	0.047910
438	0.052640
439	0.057179
440	0.060486
441	0.063452
442	0.064473
443	0.065212
444	0.064047
445	0.062554
446	0.059651
447	0.056413
448	0.052490
449	0.048435
450	0.044228
451	0.040278
452	0.036491
453	0.033243
454	0.030172
455	0.027658
456	0.025218
457	0.023185
458	0.021188
459	0.019395
460	0.017651
461	0.016022
462	0.014466
463	0.012994
464	0.011666
465	0.010426
466	0.009372
467	0.008373
468	0.007603
469	0.006860
470	0.006240
471	0.005655
472	0.005207
473	0.004782
474	0.004399
475	0.004057
476	0.003753
477	0.003474
478	0.003207
479	0.002995
480	0.002793
481	0.002623
482	0.002464
483	0.002361
484	0.002262
485	0.002170
486	0.002106
487	0.002073
488	0.002052
489	0.002040
490	0.002070
491	0.002110
492	0.002171
493	0.002234
494	0.002303
495	0.002379
496	0.002469
497	0.002581
498	0.002718
499	0.002866
500	0.003020
501	0.003191
502	0.003365
503	0.003531
504	0.003698
505	0.003869
506	0.004050
507	0.004246
508	0.004450
509	0.004661
510	0.004854
511	0.005042
512	0.005222
513	0.005403
514	0.005592
515	0.005770
516	0.005915
517	0.006067
518	0.006227
519	0.006376
520	0.006519
521	0.006659
522	0.006798
523	0.006912
524	0.007023
525	0.007122
526	0.007225
527	0.007332
528	0.007410
529	0.007468
530	0.007523
531	0.007577
532	0.007651
533	0.007719
534	0.007767
535	0.007814
536	0.007860
537	0.007903
538	0.007943
539	0.007970
540	0.007993
541	0.008020
542	0.008043
543	0.008056
544	0.008079
545	0.008117
546	0.008120
547	0.008104
548	0.008113
549	0.008127
550	0.008143
551	0.008150
552	0.008136
553	0.008117
554	0.008093
555	0.008107
556	0.008135
557	0.008129
558	0.008121
559	0.008107
560	0.008097
561	0.008094
562	0.008082
563	0.008066
564	0.008059
565	0.008052
566	0.008034
567	0.008008
568	0.007966
569	0.007963
570	0.007991
571	0.007980
572	0.007960
573	0.007953
574	0.007928
575	0.007860
576	0.007825
577	0.007820
578	0.007787
579	0.007744
580	0.007732
581	0.007713
582	0.007676
583	0.007635
584	0.007588
585	0.007555
586	0.007527
587	0.007495
588	0.007461
589	0.007423
590	0.007379
591	0.007331
592	0.007307
593	0.007288
594	0.007232
595	0.007189
596	0.007172
597	0.007133
598	0.007077
599	0.007043
600	0.007017
601	0.007022
602	0.007028
603	0.007034
604	0.007027
605	0.007014
606	0.007017
607	0.007029
608	0.007070
609	0.007097
610	0.007110
611	0.007205
612	0.007319
613	0.007374
614	0.007465
615	0.007623
616	0.007788
617	0.007957
618	0.008188
619	0.008436
620	0.008726
621	0.009051
622	0.009410
623	0.009870
624	0.010367
625	0.010967
626	0.011599
627	0.012278
628	0.013091
629	0.013963
630	0.014979
631	0.016074
632	0.017327
633	0.018715
634	0.020182
635	0.021910
636	0.023739
637	0.025799
638	0.028061
639	0.030471
640	0.033271
641	0.036240
642	0.039627
643	0.043333
644	0.047303
645	0.051854
646	0.056620
647	0.061874
648	0.067450
649	0.073307
650	0.079437
651	0.085614
652	0.091772
653	0.097431
654	0.102667
655	0.106215
656	0.109005
657	0.109934
658	0.109249
659	0.107334
660	0.103093
661	0.098076
662	0.091517
663	0.084093
664	0.076118
665	0.067726
666	0.059488
667	0.051622
668	0.044607
669	0.038036
670	0.032756
671	0.027926
672	0.023764
673	0.020413
674	0.017396
675	0.014985
676	0.012885
677	0.011085
678	0.009672
679	0.008399
680	0.007386
681	0.006537
682	0.005784
683	0.005180
684	0.004659
685	0.004269
686	0.003977
687	0.003700
688	0.003363
689	0.003134
690	0.002993
691	0.002852
692	0.002710
693	0.002568
694	0.002456
695	0.002365
696	0.002340
697	0.002290
698	0.002218
699	0.002120
700	0.002038
701	0.001992
702	0.001972
703	0.001961
704	0.001951
705	0.001908
706	0.001842
707	0.001813
708	0.001796
709	0.001797
710	0.001772
711	0.001735
712	0.001677
713	0.001672
714	0.001686
715	0.001641
716	0.001619
717	0.001616
718	0.001582
719	0.001581
720	0.001629
721	0.001604
722	0.001572
723	0.001557
724	0.001525
725	0.001500
726	0.001536
727	0.001517
728	0.001466
729	0.001437
730	0.001443
731	0.001479
732	0.001439
733	0.001416
734	0.001413
735	0.001437
736	0.001457
737	0.001463
738	0.001444
739	0.001440
740	0.001476
741	0.001477
742	0.001474
743	0.001485
744	0.001483
745	0.001476
746	0.001472
747	0.001468
748	0.001469
749	0.001486
750	0.001532
751	0.001572
752	0.001523
753	0.001483
754	0.001459
755	0.001498
756	0.001526
757	0.001547
758	0.001557
759	0.001555
760	0.001550
761	0.001548
762	0.001569
763	0.001592
764	0.001583
765	0.001560
766	0.001540
767	0.001548
768	0.001564
769	0.001579
770	0.001580
771	0.001607
772	0.001615
773	0.001575
774	0.001549
775	0.001548
776	0.001580
777	0.001633
778	0.001654
779	0.001641
780	0.001672
