Wavelength(nm)	PFD(umol m-2 s-1)
380	0.006145
381	0.006664
382	0.006766
383	0.006819
384	0.006800
385	0.006773
386	0.006689
387	0.006630
388	0.006647
389	0.006473
390	0.005966
391	0.005905
392	0.006322
393	0.006402
394	0.006259
395	0.006213
396	0.006205
397	0.006279
398	0.006369
399	0.006499
400	0.006603
401	0.006398
402	0.006425
403	0.007369
404	0.008175
405	0.008687
406	0.009481
407	0.010621
408	0.012004
409	0.013570
410	0.015407
411	0.017369
412	0.020286
413	0.023424
414	0.028117
415	0.033020
416	0.039237
417	0.045984
418	0.054786
419	0.064554
420	0.076285
421	0.089616
422	0.104869
423	0.123155
424	0.143644
425	0.168690
426	0.195645
427	0.229932
428	0.265708
429	0.314536
430	0.365526
431	0.430096
432	0.498756
433	0.579649
434	0.665060
435	0.757760
436	0.849198
437	0.939438
438	1.018448
439	1.091390
440	1.138740
441	1.178926
442	1.183840
443	1.183680
444	1.150324
445	1.111877
446	1.051761
447	0.987320
448	0.914158
449	0.840943
450	0.767721
451	0.699475
452	0.634410
453	0.578088
454	0.524615
455	0.479679
456	0.435871
457	0.398652
458	0.362158
459	0.329738
460	0.298316
461	0.269191
462	0.241712
463	0.216148
464	0.193400
465	0.172397
466	0.154924
467	0.138503
468	0.124774
469	0.111507
470	0.101976
471	0.092761
472	0.084803
473	0.077229
474	0.070338
475	0.064021
476	0.058226
477	0.053532
478	0.049347
479	0.045847
480	0.042468
481	0.039604
482	0.036885
483	0.035001
484	0.033383
485	0.032351
486	0.031460
487	0.030724
488	0.030387
489	0.030273
490	0.030797
491	0.031475
492	0.032316
493	0.033223
494	0.034491
495	0.035884
496	0.037551
497	0.039369
498	0.041351
499	0.043933
500	0.046841
501	0.049630
502	0.052404
503	0.055349
504	0.058310
505	0.061303
506	0.064361
507	0.067528
508	0.070859
509	0.074336
510	0.077489
511	0.080517
512	0.083750
513	0.086987
514	0.089892
515	0.092729
516	0.095355
517	0.098029
518	0.100759
519	0.103498
520	0.106247
521	0.108181
522	0.109958
523	0.112216
524	0.114356
525	0.116029
526	0.117609
527	0.119052
528	0.120597
529	0.122213
530	0.123308
531	0.124274
532	0.125618
533	0.126863
534	0.127681
535	0.128477
536	0.129242
537	0.129981
538	0.130704
539	0.131354
540	0.131986
541	0.132520
542	0.132946
543	0.132994
544	0.133223
545	0.133687
546	0.134034
547	0.134319
548	0.134320
549	0.134277
550	0.134275
551	0.134285
552	0.134325
553	0.134385
554	0.134464
555	0.134291
556	0.134026
557	0.134220
558	0.134332
559	0.133988
560	0.133858
561	0.134043
562	0.133917
563	0.133612
564	0.133501
565	0.133419
566	0.133321
567	0.133156
568	0.132859
569	0.132554
570	0.132241
571	0.132181
572	0.132136
573	0.131088
574	0.130254
575	0.129967
576	0.129647
577	0.129295
578	0.129011
579	0.128737
580	0.128020
581	0.127271
582	0.126441
583	0.126034
584	0.126025
585	0.125494
586	0.124806
587	0.124269
588	0.123594
589	0.122563
590	0.121786
591	0.121230
592	0.120805
593	0.120393
594	0.119666
595	0.118955
596	0.118284
597	0.117637
598	0.117007
599	0.116481
600	0.116063
601	0.116286
602	0.116223
603	0.115725
604	0.115374
605	0.115094
606	0.115585
607	0.116196
608	0.117070
609	0.117863
610	0.118575
611	0.120391
612	0.122492
613	0.124273
614	0.126375
615	0.129059
616	0.132472
617	0.136298
618	0.140814
619	0.145673
620	0.151516
621	0.158200
622	0.165673
623	0.174478
624	0.183867
625	0.195313
626	0.207622
627	0.221147
628	0.237010
629	0.253891
630	0.273568
631	0.294829
632	0.319291
633	0.346245
634	0.374664
635	0.407814
636	0.442997
637	0.482965
638	0.526885
639	0.573683
640	0.628300
641	0.686163
642	0.751969
643	0.823874
644	0.900841
645	0.989424
646	1.082129
647	1.183829
648	1.291407
649	1.404143
650	1.521418
651	1.638984
652	1.754186
653	1.858244
654	1.952891
655	2.012982
656	2.057721
657	2.064963
658	2.042332
659	1.996916
660	1.908252
661	1.805761
662	1.676303
663	1.531939
664	1.378060
665	1.219993
666	1.066003
667	0.921268
668	0.792168
669	0.671263
670	0.574621
671	0.487321
672	0.413841
673	0.353116
674	0.298050
675	0.255188
676	0.217816
677	0.185760
678	0.160103
679	0.136960
680	0.118741
681	0.104102
682	0.091570
683	0.082179
684	0.073354
685	0.065419
686	0.059273
687	0.053847
688	0.049525
689	0.045652
690	0.042142
691	0.039488
692	0.036983
693	0.034676
694	0.032573
695	0.030670
696	0.029613
697	0.028506
698	0.027356
699	0.026010
700	0.025059
701	0.024894
702	0.023609
703	0.022307
704	0.022838
705	0.022659
706	0.021957
707	0.021337
708	0.020713
709	0.020083
710	0.019784
711	0.019433
712	0.018730
713	0.017859
714	0.017110
715	0.018015
716	0.017928
717	0.016994
718	0.016503
719	0.016537
720	0.017315
721	0.016878
722	0.016536
723	0.016964
724	0.015898
725	0.014724
726	0.015555
727	0.015396
728	0.014721
729	0.014856
730	0.014731
731	0.014377
732	0.013308
733	0.012803
734	0.012997
735	0.013566
736	0.014100
737	0.014513
738	0.013600
739	0.012727
740	0.012484
741	0.012969
742	0.013632
743	0.014233
744	0.013909
745	0.013469
746	0.013771
747	0.013857
748	0.013685
749	0.012806
750	0.013122
751	0.013814
752	0.013589
753	0.013433
754	0.013291
755	0.013048
756	0.012872
757	0.012904
758	0.013814
759	0.014572
760	0.014996
761	0.014221
762	0.013683
763	0.013226
764	0.012668
765	0.013267
766	0.014234
767	0.014929
768	0.014204
769	0.013209
770	0.012665
771	0.013806
772	0.014814
773	0.014820
774	0.013647
775	0.012966
776	0.013224
777	0.014271
778	0.014056
779	0.012555
780	0.012371
